1494;2
1494;4
1495;7
1496;9
1498;11
1500;13
1500;16
1501;18
1503;20
1505;23
1506;25
1506;27
1505;30
1502;32
1499;34
1495;36
1493;39
1492;41
1493;44
1493;47
1494;49
1495;51
1498;54
1505;56
1515;58
1519;61
1516;63
1512;65
1507;67
1500;70
1498;72
1497;74
1497;77
1496;79
1497;81
1501;84
1503;87
1508;89
1511;91
1511;94
1508;96
1505;98
1503;101
1500;103
1498;105
1498;108
1498;110
1498;112
1498;115
1498;117
1500;120
1503;122
1504;124
1502;128
1499;130
1497;132
1498;135
1498;137
1499;139
1501;142
1499;144
1496;146
1494;149
1494;151
1494;153
1494;156
1497;158
1498;161
1497;163
1495;165
1495;168
1495;171
1495;173
1495;176
1495;178
1498;180
1500;183
1503;185
1504;187
1502;190
1499;192
1495;194
1493;197
1492;199
1491;202
1495;204
1511;206
1520;209
1522;211
1521;214
1518;217
1510;219
1503;221
1497;224
1495;226
1492;228
1490;231
1489;233
1488;236
1488;238
1490;240
1498;243
1501;245
1500;247
1496;250
1490;252
1487;254
1487;258
1486;260
1486;262
1486;265
1486;267
1486;269
1487;272
1489;274
1490;277
1490;279
1490;281
1490;284
1489;286
1489;288
1488;291
1488;293
1490;295
1497;299
1506;301
1508;303
1505;306
1499;308
1492;310
1489;313
1488;315
1488;318
1488;320
1488;322
1492;325
1500;327
1503;329
1503;332
1502;334
1497;336
1492;339
1490;342
1489;344
1489;347
1488;349
1488;352
1493;354
1505;356
1514;359
1514;361
1508;363
1501;366
1495;368
1492;370
1490;373
1489;375
1487;377
1487;380
1487;382
1501;385
1508;388
1509;390
1506;393
1502;395
1497;397
1493;400
1491;402
1489;404
1488;407
1487;409
1486;411
1485;414
1485;416
1485;418
1485;421
1486;423
1487;425
1488;429
1488;431
1489;434
1495;436
1509;438
1512;441
1509;443
1506;445
1497;448
1492;450
1491;452
1490;455
1490;457
1490;459
1490;462
1490;464
1491;467
1493;470
1498;472
1500;475
1501;477
1499;479
1497;482
1495;484
1493;486
1493;489
1492;491
1492;493
1492;496
1492;498
1492;500
1492;503
1493;505
1493;508
1493;510
1493;513
1493;516
1493;518
1493;520
1494;523
1495;525
1504;527
1525;530
1536;532
1540;534
1535;537
1524;539
1509;541
1501;544
1498;546
1494;549
1492;551
1491;553
1492;557
1495;559
1495;561
1494;564
1493;566
1491;568
1490;571
1488;573
1488;575
1487;578
1487;580
1487;583
1487;585
1488;587
1490;590
1491;592
1491;594
1490;598
1489;600
1489;602
1488;605
1489;607
1500;609
1529;612
1544;614
1540;616
1526;619
1512;621
1499;624
1494;626
1491;628
1489;631
1487;633
1486;635
1485;638
1485;641
1486;643
1486;646
1489;648
1490;650
1492;653
1492;655
1490;658
1488;660
1487;662
1486;665
1486;667
1485;669
1486;672
1485;674
1486;676
1486;679
1485;681
1486;684
1488;687
1490;689
1490;691
1490;694
1488;696
1488;699
1491;701
1506;703
1518;706
1524;708
1524;710
1516;713
1506;715
1499;717
1494;720
1496;722
1506;724
1516;728
1514;730
1506;732
1492;735
1483;737
1481;740
1479;742
1479;744
1480;747
1481;749
1484;751
1495;754
1528;756
1540;758
1538;761
1529;763
1515;765
1507;769
1499;771
1494;774
1493;776
1495;778
1508;781
1516;783
1519;785
1521;788
1509;790
1495;792
1481;795
1474;797
1471;799
1475;802
1479;804
1487;806
1485;809
1492;812
1506;815
1503;817
1486;819
1473;822
1467;824
1465;826
1465;829
1469;831
1480;833
1502;836
1496;838
1479;840
1463;843
1454;845
1453;848
1450;850
1449;852
1447;856
1453;858
1464;860
1476;863
1493;865
1504;867
1505;870
1518;872
1515;874
1498;877
1481;879
1482;881
1489;884
1496;886
1503;889
1508;891
1505;893
1502;897
1492;899
1479;901
1469;904
1463;906
1461;908
1470;911
1480;913
1483;915
1484;918
1486;920
1480;923
1473;925
1469;927
1470;930
1475;932
1486;934
1511;937
1518;940
1530;942
1525;945
1509;947
1489;949
1478;952
1471;954
1468;956
1467;959
1474;961
1504;964
1511;966
1509;968
1510;971
1511;973
1505;975
1496;978
1486;980
1476;983
1474;986
1483;988
1505;990
1517;993
1516;995
1502;998
1486;1000
1472;1002
1465;1005
1461;1007
1476;1009
1479;1012
1483;1014
1486;1017
1472;1019
1461;1021
1455;1025
1453;1027
1453;1030
1462;1032
1490;1035
1527;1037
1523;1039
1524;1042
1539;1044
1528;1047
1509;1049
1493;1051
1486;1054
1483;1056
1507;1059
1531;1061
1538;1063
1541;1067
1558;1069
1544;1072
1518;1074
1498;1076
1478;1079
1466;1081
1460;1084
1456;1086
1455;1088
1465;1091
1471;1093
1474;1096
1484;1098
1495;1100
1496;1103
1493;1105
1488;1108
1475;1111
1467;1113
1468;1116
1473;1118
1488;1121
1513;1123
1527;1126
1526;1128
1518;1130
1513;1133
1530;1135
1531;1138
1520;1140
1520;1142
1526;1145
1534;1147
1561;1150
1560;1153
1583;1155
1586;1158
1566;1160
1544;1163
1516;1165
1496;1167
1480;1170
1474;1172
1471;1175
1471;1177
1468;1179
1458;1182
1453;1184
1452;1187
1456;1189
1458;1191
1463;1195
1463;1197
1472;1200
1509;1202
1511;1205
1505;1207
1499;1209
1488;1212
1486;1214
1487;1217
1490;1219
1499;1221
1503;1224
1504;1226
1502;1229
1495;1231
1486;1233
1495;1236
1503;1239
1504;1242
1511;1244
1522;1246
1528;1249
1525;1251
1512;1254
1497;1256
1483;1258
1476;1261
1470;1263
1474;1266
1486;1268
1489;1270
1495;1273
1531;1275
1535;1278
1518;1281
1504;1283
1495;1286
1487;1288
1481;1291
1514;1293
1548;1296
1554;1298
1561;1300
1545;1303
1528;1305
1512;1308
1488;1310
1474;1312
1463;1315
1471;1317
1495;1320
1507;1323
1539;1325
1534;1328
1510;1330
1495;1333
1481;1335
1470;1337
1458;1340
1452;1342
1449;1345
1462;1347
1497;1349
1533;1352
1531;1354
1515;1357
1504;1359
1487;1361
1479;1364
1474;1367
1469;1370
1464;1372
1485;1374
1511;1377
1528;1379
1537;1382
1532;1384
1512;1386
1496;1389
1479;1391
1467;1394
1463;1396
1465;1398
1479;1401
1499;1403
1533;1406
1546;1409
1541;1412
1520;1414
1493;1416
1473;1419
1468;1421
1463;1424
1482;1426
1511;1428
1527;1431
1546;1433
1530;1436
1509;1438
1490;1440
1481;1443
1473;1445
1470;1448
1487;1451
1494;1453
1505;1456
1507;1458
1499;1461
1493;1463
1506;1465
1535;1468
1528;1470
1518;1473
1515;1475
1518;1477
1626;1480
1648;1482
1609;1485
1565;1487
1524;1489
1493;1492
1470;1495
1460;1498
1499;1500
1512;1503
1497;1505
1484;1507
1464;1510
1450;1512
1442;1515
1439;1517
1437;1519
1442;1522
1467;1524
1505;1527
1504;1529
1492;1531
1479;1534
1499;1537
1512;1540
1519;1542
1498;1544
1471;1547
1461;1549
1464;1552
1545;1554
1665;1556
1646;1559
1593;1561
1542;1564
1498;1566
1469;1568
1454;1571
1443;1573
1435;1576
1433;1579
1440;1582
1441;1584
1443;1586
1445;1589
1444;1591
1455;1594
1461;1596
1463;1598
1459;1601
1456;1603
1456;1606
1470;1608
1495;1610
1578;1613
1604;1615
1590;1618
1559;1620
1528;1623
1498;1626
1483;1628
1472;1631
1461;1633
1456;1635
1461;1638
1477;1640
1481;1643
1472;1645
1467;1647
1478;1650
1474;1652
1471;1655
1480;1657
1511;1659
1527;1662
1538;1665
1537;1668
1533;1670
1556;1672
1536;1675
1515;1677
1495;1680
1490;1682
1491;1684
1478;1687
1464;1689
1453;1692
1446;1694
1445;1697
1448;1699
1453;1701
1455;1704
1466;1707
1478;1710
1510;1712
1544;1714
1535;1717
1512;1719
1484;1722
1470;1724
1459;1726
1458;1729
1459;1731
1464;1734
1468;1736
1472;1738
1488;1741
1508;1743
1507;1746
1487;1748
1480;1751
1479;1754
1515;1756
1531;1759
1533;1761
1531;1763
1530;1766
1522;1768
1524;1771
1516;1773
1503;1775
1491;1778
1478;1780
1465;1783
1510;1785
1560;1788
1568;1790
1556;1793
1532;1796
1505;1798
1490;1801
1489;1803
1486;1805
1474;1808
1468;1810
1464;1813
1476;1815
1503;1817
1502;1820
1496;1822
1490;1825
1482;1827
1479;1829
1475;1832
1467;1835
1461;1838
1466;1840
1478;1842
1514;1845
1535;1847
1573;1850
1624;1852
1623;1854
1582;1857
1538;1859
1507;1862
1487;1864
1465;1866
1463;1869
1463;1871
1492;1874
1545;1876
1546;1880
1530;1882
1508;1884
1499;1887
1501;1889
1491;1892
1477;1894
1466;1896
1460;1899
1457;1901
1455;1904
1456;1906
1462;1908
1462;1911
1477;1913
1494;1916
1494;1918
1479;1921
1463;1924
1465;1926
1466;1929
1499;1931
1514;1933
1504;1936
1509;1938
1497;1941
1494;1943
1490;1945
1483;1948
1480;1950
1508;1953
1547;1955
1582;1957
1594;1960
1566;1963
1531;1966
1499;1968
1482;1971
1462;1973
1447;1975
1442;1978
1443;1980
1450;1983
1480;1985
1538;1987
1575;1990
1546;1992
1513;1995
1485;1997
1479;1999
1478;2002
1474;2004
1475;2008
1489;2010
1534;2012
1542;2015
1515;2017
1489;2020
1473;2022
1461;2024
1456;2027
1484;2029
1496;2032
1490;2034
1480;2036
1463;2039
1457;2041
1455;2044
1454;2046
1453;2049
1452;2052
1457;2054
1471;2057
1500;2059
1588;2062
1590;2064
1549;2066
1516;2069
1494;2071
1482;2074
1492;2076
1486;2078
1476;2081
1493;2083
1560;2086
1604;2088
1596;2091
1567;2094
1518;2096
1485;2099
1462;2101
1458;2103
1492;2106
1521;2108
1507;2111
1483;2113
1464;2115
1450;2118
1445;2120
1441;2123
1436;2125
1434;2127
1440;2130
1450;2132
1484;2136
1506;2138
1489;2140
1472;2143
1457;2145
1454;2148
1469;2150
1471;2153
1484;2155
1490;2157
1503;2160
1532;2162
1525;2165
1550;2167
1540;2169
1511;2172
1493;2174
1489;2178
1508;2180
1502;2182
1486;2185
1472;2187
1462;2190
1459;2192
1453;2194
1453;2197
1455;2199
1458;2202
1459;2204
1467;2206
1477;2209
1493;2211
1495;2214
1488;2216
1476;2219
1469;2222
1468;2224
1482;2227
1510;2229
1526;2231
1535;2234
1529;2236
1516;2239
1499;2241
1500;2244
1511;2246
1503;2248
1492;2251
1478;2253
1488;2256
1534;2258
1606;2260
1611;2264
1589;2266
1549;2269
1507;2271
1484;2273
1464;2276
1453;2278
1445;2281
1439;2283
1438;2285
1438;2288
1436;2290
1435;2293
1439;2295
1451;2297
1472;2300
1481;2302
1485;2306
1490;2308
1520;2311
1524;2313
1546;2315
1540;2318
1515;2320
1500;2323
1485;2325
1478;2327
1480;2330
1477;2332
1472;2335
1470;2337
1468;2339
1475;2342
1490;2344
1509;2348
1504;2350
1494;2352
1478;2355
1472;2357
1527;2360
1585;2362
1565;2364
1547;2367
1523;2369
1503;2372
1494;2374
1502;2376
1506;2379
1521;2381
1516;2384
1490;2386
1474;2388
1479;2392
1486;2394
1482;2397
1474;2399
1464;2402
1460;2404
1462;2406
1483;2409
1509;2411
1500;2414
1485;2416
1471;2418
1465;2421
1489;2423
1535;2426
1544;2428
1533;2430
1508;2434
1486;2436
1476;2439
1470;2441
1478;2443
1515;2446
1526;2448
1524;2451
1519;2453
1495;2455
1480;2458
1467;2460
1466;2463
1479;2465
1474;2467
1461;2470
1456;2472
1453;2476
1460;2478
1464;2480
1464;2483
1465;2485
1465;2488
1467;2490
1471;2493
1482;2495
1490;2497
1496;2500
1491;2502
1484;2505
1501;2507
1536;2509
1571;2512
1562;2514
1536;2518
1515;2520
1492;2522
1478;2525
1479;2527
1476;2530
1474;2532
1499;2534
1493;2537
1479;2539
1472;2542
1465;2544
1460;2546
1464;2549
1471;2551
1480;2554
1484;2556
1478;2558
1484;2562
1492;2564
1491;2567
1505;2569
1539;2572
1525;2574
1507;2576
1488;2579
1479;2581
1478;2584
1499;2586
1549;2588
1539;2591
1519;2593
1496;2596
1477;2598
1464;2600
1466;2604
1479;2606
1482;2609
1479;2611
1501;2613
1511;2616
1487;2618
1476;2621
1463;2623
1457;2625
1455;2628
1464;2630
1464;2633
1475;2635
1473;2637
1460;2640
1458;2642
1488;2646
1498;2648
1498;2650
1490;2653
1475;2655
1469;2658
1475;2660
1522;2662
1525;2665
1508;2667
1493;2670
1473;2672
1464;2674
1471;2677
1483;2679
1499;2682
1491;2684
1476;2688
1467;2690
1467;2692
1483;2695
1494;2697
1493;2700
1489;2702
1483;2704
1479;2707
1522;2709
1517;2712
1510;2714
1497;2716
1489;2719
1497;2721
1500;2724
1503;2726
1503;2728
1489;2732
1477;2734
1467;2737
1465;2739
1479;2741
1489;2744
1500;2746
1521;2749
1521;2751
1514;2753
1513;2756
1513;2758
1513;2761
1529;2763
1526;2765
1543;2768
1541;2770
1523;2774
1501;2776
1488;2779
1484;2781
1489;2783
1466;2786
1461;2788
1460;2791
1474;2793
1500;2795
1511;2798
1504;2800
1496;2803
1484;2805
1497;2807
1516;2810
1513;2812
1498;2816
1481;2818
1470;2820
1471;2823
1471;2825
1474;2828
1488;2830
1494;2832
1520;2835
1565;2837
1566;2840
1540;2842
1510;2844
1486;2847
1470;2849
1466;2852
1461;2854
1454;2857
1448;2860
1449;2862
1470;2865
1508;2867
1518;2870
1510;2872
1499;2874
1483;2877
1476;2879
1476;2882
1490;2884
1517;2886
1530;2889
1541;2891
1538;2894
1522;2896
1513;2898
1513;2902
1547;2904
1593;2907
1580;2909
1561;2911
1524;2914
1489;2916
1471;2919
1460;2921
1473;2923
1469;2926
1466;2928
1465;2931
1455;2933
1456;2935
1459;2938
1465;2940
1484;2944
1548;2946
1543;2949
1523;2951
1493;2953
1476;2956
1471;2958
1482;2961
1509;2963
1556;2965
1558;2968
1536;2970
1509;2973
1498;2975
1527;2977
1522;2980
1511;2982
1491;2985
1467;2988
1455;2990
1455;2993
1455;2995
1445;2998
1441;3000
1443;3002
1447;3005
1450;3007
1452;3010
1468;3012
1490;3014
1507;3017
1508;3019
1500;3022
1500;3024
1518;3027
1549;3030
1540;3032
1529;3035
1519;3037
1506;3040
1529;3042
1529;3044
1518;3047
1500;3049
1482;3052
1466;3054
1472;3056
1478;3059
1486;3061
1493;3064
1515;3066
1520;3068
1491;3072
1472;3074
1461;3077
1455;3079
1452;3081
1455;3084
1475;3086
1493;3089
1490;3091
1502;3093
1507;3096
1497;3098
1487;3101
1483;3103
1511;3106
1601;3108
1639;3110
1609;3113
1552;3116
1503;3119
1474;3121
1456;3123
1447;3126
1445;3128
1445;3131
1451;3133
1453;3135
1452;3138
1446;3140
1461;3143
1482;3145
1471;3147
1459;3150
1452;3152
1451;3155
1459;3158
1521;3160
1535;3163
1532;3165
1520;3168
1494;3170
1481;3172
1472;3175
1476;3177
1477;3180
1497;3182
1516;3185
1533;3187
1589;3189
1599;3192
1568;3194
1530;3197
1486;3200
1458;3202
1444;3205
1440;3207
1441;3210
1456;3212
1460;3214
1451;3217
1443;3219
1436;3222
1441;3224
1450;3226
1471;3229
1482;3231
1488;3234
1490;3236
1482;3238
1518;3241
1532;3244
1528;3247
1527;3249
1528;3251
1508;3254
1500;3256
1512;3259
1557;3261
1601;3263
1572;3266
1551;3268
1521;3271
1491;3273
1470;3276
1461;3278
1455;3280
1449;3283
1445;3286
1447;3289
1477;3291
1487;3293
1491;3296
1487;3298
1474;3301
1468;3303
1466;3305
1492;3308
1530;3310
1521;3313
1500;3315
1482;3317
1466;3320
1469;3322
1496;3325
1581;3328
1579;3330
1549;3333
1513;3335
1481;3338
1468;3340
1485;3342
1517;3345
1520;3347
1502;3350
1477;3352
1463;3354
1456;3357
1454;3359
1454;3362
1457;3364
1467;3367
1482;3369
1478;3372
1475;3375
1484;3377
1495;3380
1491;3382
1507;3384
1538;3387
1528;3389
1511;3392
1487;3394
1496;3396
1542;3399
1573;3401
1573;3404
1548;3406
1508;3408
1476;3411
1461;3414
1460;3417
1507;3419
1513;3421
1487;3424
1469;3426
1455;3429
1452;3431
1452;3433
1457;3436
1458;3438
1457;3441
1456;3443
1458;3445
1477;3448
1489;3450
1492;3453
1499;3456
1505;3459
1515;3461
1524;3463
1525;3466
1537;3468
1574;3471
1609;3473
1588;3475
1538;3478
1498;3480
1470;3483
1455;3485
1449;3487
1447;3490
1446;3492
1447;3495
1443;3497
1439;3500
1438;3503
1443;3505
1454;3508
1462;3510
1470;3512
1474;3515
1477;3517
1488;3520
1506;3522
1536;3524
1586;3527
1582;3529
1553;3532
1519;3534
1511;3537
1541;3539
1539;3542
1531;3545
1505;3547
1478;3550
1508;3552
1527;3554
1535;3557
1515;3559
1488;3562
1466;3564
1456;3566
1465;3569
1477;3571
1473;3574
1464;3576
1452;3578
1451;3581
1453;3584
1457;3587
1479;3589
1520;3591
1526;3594
1514;3596
1492;3599
1474;3601
1474;3603
1488;3606
1556;3608
1597;3611
1600;3613
1572;3616
1528;3618
1496;3620
1481;3623
1480;3625
1500;3629
1517;3631
1503;3633
1479;3636
1460;3638
1448;3641
1446;3643
1448;3645
1449;3648
1447;3650
1444;3653
1445;3655
1451;3657
1457;3660
1461;3662
1474;3665
1505;3667
1518;3670
1525;3673
1520;3675
1509;3678
1500;3680
1534;3682
1552;3685
1560;3687
1534;3690
1532;3692
1557;3694
1541;3697
1514;3699
1491;3702
1467;3704
1463;3707
1464;3709
1471;3712
1473;3715
1475;3717
1468;3720
1455;3722
1453;3724
1452;3727
1453;3729
1458;3732
1471;3734
1498;3736
1524;3739
1526;3741
1513;3744
1505;3746
1528;3748
1519;3751
1526;3753
1533;3757
1532;3759
1518;3761
1494;3764
1478;3766
1475;3769
1483;3771
1503;3773
1515;3776
1521;3778
1524;3781
1506;3783
1481;3786
1462;3788
1455;3790
1453;3793
1458;3795
1471;3799
1487;3801
1526;3803
1532;3806
1520;3808
1503;3811
1488;3813
1502;3815
1511;3818
1542;3820
1571;3823
1559;3825
1533;3827
1522;3830
1521;3832
1540;3835
1579;3837
1561;3840
1517;3843
1480;3845
1455;3848
1446;3850
1477;3852
1510;3855
1540;3857
1535;3860
1519;3862
1499;3865
1479;3867
1460;3869
1446;3872
1439;3874
1489;3877
1507;3879
1544;3881
1545;3885
1507;3887
1478;3890
1457;3892
1469;3894
1500;3897
1510;3899
1498;3902
1501;3904
1534;3906
1573;3909
1578;3911
1563;3914
1503;3916
1450;3918
1431;3921
1434;3923
1461;3927
1498;3929
1505;3931
1494;3934
1474;3936
1453;3939
1431;3941
1436;3944
1446;3946
1488;3948
1498;3951
1489;3953
1478;3956
1453;3958
1448;3960
1461;3963
1466;3965
1461;3969
1460;3971
1462;3973
1470;3976
1492;3978
1497;3981
1538;3983
1555;3985
1528;3988
1505;3990
1478;3993
1463;3995
1456;3997
1460;4000
1460;4002
1454;4005
1448;4007
1449;4009
1447;4013
1446;4015
1446;4018
1472;4020
1491;4023
1499;4025
1506;4027
1509;4030
1502;4032
1489;4035
1480;4037
1507;4039
1588;4042
1596;4044
1572;4047
1525;4049
1481;4051
1455;4055
1451;4057
1479;4060
1513;4062
1522;4064
1515;4067
1480;4069
1457;4072
1451;4074
1447;4076
1447;4079
1451;4081
1453;4084
1452;4086
1462;4088
1477;4091
1489;4093
1486;4097
1476;4099
1471;4101
1513;4104
1539;4106
1552;4109
1566;4111
1524;4114
1496;4116
1490;4118
1481;4121
1489;4123
1500;4126
1511;4128
1542;4130
1558;4133
1545;4135
1529;4139
1499;4141
1469;4143
1463;4146
1462;4148
1461;4151
1457;4153
1457;4155
1456;4158
1461;4160
1490;4163
1505;4165
1504;4167
1493;4170
1476;4172
1470;4175
1471;4177
1473;4179
1476;4183
1489;4185
1524;4188
1534;4190
1535;4193
1528;4195
1509;4197
1499;4200
1523;4202
1516;4205
1496;4207
1491;4209
1491;4212
1497;4214
1487;4217
1468;4219
1461;4221
1460;4225
1459;4227
1466;4230
1481;4232
1488;4234
1492;4237
1486;4239
1482;4242
1484;4244
1497;4246
1502;4249
1510;4251
1525;4254
1536;4256
1543;4258
1535;4261
1532;4263
1541;4267
1523;4269
1522;4271
1514;4274
1491;4276
1489;4279
1488;4281
1483;4284
1478;4286
1469;4288
1462;4291
1462;4293
1470;4296
1489;4298
1498;4300
1500;4303
1494;4305
1486;4308
1488;4311
1492;4313
1485;4316
1475;4318
1472;4321
1477;4323
1481;4325
1501;4328
1588;4330
1596;4333
1574;4335
1534;4337
1497;4340
1484;4342
1478;4345
1477;4347
1487;4350
1497;4353
1501;4355
1501;4358
1490;4360
1479;4363
1483;4365
1488;4367
1485;4370
1479;4372
1474;4375
1472;4377
1487;4379
1490;4382
1494;4384
1487;4387
1478;4389
1474;4391
1474;4395
1471;4397
1477;4400
1480;4402
1485;4404
1509;4407
1569;4409
1571;4412
1566;4414
1545;4416
1515;4419
1498;4421
1491;4424
1508;4426
1510;4429
1497;4431
1484;4433
1480;4436
1515;4439
1537;4442
1557;4444
1553;4446
1528;4449
1506;4451
1491;4454
1473;4456
1461;4458
1454;4461
1454;4463
1458;4466
1467;4468
1475;4470
1487;4473
1485;4475
1480;4478
1480;4481
1482;4483
1486;4486
1497;4488
1501;4491
1503;4493
1507;4496
1499;4498
1494;4500
1493;4503
1502;4505
1512;4508
1516;4510
1517;4512
1497;4515
1482;4517
1483;4520
1500;4523
1521;4525
1533;4528
1525;4530
1506;4533
1492;4535
1487;4537
1484;4540
1479;4542
1474;4545
1471;4547
1472;4549
1481;4552
1492;4554
1501;4557
1511;4559
1512;4561
1504;4564
1496;4567
1503;4570
1516;4572
1519;4575
1546;4577
1547;4579
1545;4582
1539;4584
1526;4587
1529;4589
1542;4591
1539;4594
1530;4596
1513;4599
1488;4601
1474;4603
1469;4606
1472;4609
1491;4612
1500;4614
1493;4616
1480;4619
1463;4621
1455;4624
1459;4626
1465;4628
1479;4631
1486;4633
1490;4636
1492;4638
1489;4640
1485;4643
1484;4645
1490;4648
1494;4651
1528;4654
1540;4656
1525;4658
1508;4661
1495;4663
1484;4666
1478;4668
1489;4670
1511;4673
1514;4675
1506;4678
1499;4680
1487;4682
1495;4685
1502;4687
1498;4690
1491;4692
1478;4695
1474;4698
1477;4700
1501;4703
1510;4705
1503;4707
1501;4710
1489;4712
1480;4715
1477;4717
1474;4720
1477;4722
1480;4724
1479;4727
1481;4729
1485;4732
1511;4734
1521;4737
1517;4740
1513;4742
1498;4745
1489;4747
1484;4749
1504;4752
1527;4754
1524;4757
1523;4759
1515;4761
1498;4764
1487;4766
1482;4769
1507;4771
1534;4773
1536;4776
1519;4779
1489;4782
1472;4784
1469;4787
1468;4789
1482;4791
1491;4794
1487;4796
1482;4799
1471;4801
1468;4803
1468;4806
1477;4808
1476;4811
1486;4813
1515;4815
1512;4818
1504;4820
1506;4824
1537;4826
1541;4828
1524;4831
1506;4833
1486;4836
1474;4838
1479;4840
1489;4843
1500;4845
1507;4848
1504;4850
1498;4852
1483;4855
1473;4857
1468;4860
1464;4862
1468;4865
1465;4868
1487;4870
1513;4873
1527;4875
1526;4878
1516;4880
1498;4882
1490;4885
1488;4887
1493;4890
1507;4892
1517;4894
1543;4897
1541;4899
1518;4902
1493;4904
1471;4907
1462;4910
1463;4912
1468;4915
1465;4917
1493;4919
1543;4922
1575;4924
1590;4927
1570;4929
1531;4931
1500;4934
1480;4936
1466;4939
1460;4941
1458;4943
1461;4946
1461;4948
1465;4952
1476;4954
1475;4957
1471;4959
1473;4961
1487;4964
1523;4966
1550;4969
1537;4971
1519;4973
1500;4976
1484;4978
1475;4981
1466;4983
1460;4985
1460;4988
1463;4990
1471;4994
1485;4996
1497;4998
1500;5001
1496;5003
1494;5006
1491;5008
1520;5010
1529;5013
1519;5015
1509;5018
1513;5020
1527;5023
1529;5025
1515;5027
1498;5030
1485;5032
1482;5036
1486;5038
1528;5040
1562;5043
1553;5045
1528;5048
1502;5050
1486;5052
1476;5055
1479;5057
1514;5060
1529;5062
1530;5064
1524;5067
1501;5069
1485;5072
1477;5074
1484;5076
1497;5080
1495;5082
1493;5085
1483;5087
1474;5089
1473;5092
1475;5094
1486;5097
1504;5099
1529;5102
1526;5104
1512;5106
1490;5109
1478;5111
1484;5114
1528;5116
1551;5118
1534;5122
1517;5124
1489;5127
1477;5129
1472;5131
1482;5134
1484;5136
1476;5139
1476;5141
1475;5143
1480;5146
1510;5148
1533;5151
1532;5153
1517;5155
1503;5158
1481;5160
1470;5164
1467;5166
1465;5168
1467;5171
1485;5173
1504;5176
1513;5178
1532;5181
1514;5183
1496;5185
1481;5188
1476;5190
1473;5193
1472;5195
1472;5197
1473;5200
1475;5202
1482;5206
1499;5208
1507;5210
1513;5213
1528;5215
1525;5218
1525;5220
1516;5222
1498;5225
1484;5227
1480;5230
1477;5232
1478;5234
1481;5237
1484;5239
1484;5242
1486;5244
1486;5246
1489;5250
1485;5252
1495;5255
1495;5257
1494;5259
1491;5262
1486;5264
1484;5267
1493;5269
1504;5272
1515;5274
1518;5276
1508;5279
1507;5281
1504;5284
1504;5286
1511;5288
1518;5292
1521;5294
1517;5297
1514;5299
1510;5301
1505;5304
1510;5306
1531;5309
1533;5311
1530;5313
1516;5316
1489;5318
1477;5321
1486;5323
1501;5325
1502;5328
1496;5330
1485;5334
1479;5336
1473;5338
1474;5341
1478;5343
1483;5346
1488;5348
1497;5351
1510;5353
1515;5355
1516;5358
1508;5360
1492;5363
1495;5365
1496;5367
1495;5370
1492;5372
1497;5376
1499;5378
1541;5380
1590;5383
1593;5385
1559;5388
1524;5390
1494;5392
1478;5395
1470;5397
1467;5400
1470;5402
1472;5404
1467;5407
1461;5409
1460;5412
1463;5414
1468;5416
1473;5420
1476;5422
1478;5425
1479;5427
1478;5430
1482;5432
1489;5434
1501;5437
1503;5439
1511;5442
1506;5444
1500;5446
1494;5449
1494;5451
1516;5454
1550;5456
1549;5458
1534;5462
1515;5464
1494;5467
1487;5469
1496;5471
1507;5474
1510;5476
1515;5479
1507;5481
1496;5483
1485;5486
1480;5488
1482;5491
1493;5493
1493;5495
1499;5498
1499;5500
1492;5504
1483;5506
1472;5509
1471;5511
1474;5513
1480;5516
1488;5518
1510;5521
1520;5523
1524;5525
1522;5528
1506;5530
1495;5533
1494;5535
1518;5537
1563;5540
1575;5542
1570;5545
1542;5548
1511;5550
1491;5553
1480;5555
1473;5558
1487;5560
1518;5562
1514;5565
1513;5567
1494;5570
1473;5572
1467;5575
1464;5577
1463;5579
1464;5582
1462;5584
1460;5587
1461;5590
1465;5592
1478;5595
1485;5597
1482;5600
1477;5602
1472;5604
1475;5607
1483;5609
1503;5612
1518;5614
1540;5616
1568;5619
1566;5621
1549;5624
1527;5626
1500;5628
1488;5632
1480;5634
1476;5637
1480;5639
1497;5641
1524;5644
1533;5646
1519;5649
1495;5651
1469;5654
1459;5656
1464;5658
1466;5661
1459;5663
1472;5666
1474;5668
1468;5670
1469;5673
1474;5676
1500;5679
1517;5681
1528;5683
1529;5686
1517;5688
1502;5691
1495;5693
1489;5695
1485;5698
1495;5700
1504;5703
1509;5705
1506;5707
1501;5710
1502;5712
1504;5715
1506;5718
1533;5720
1554;5723
1566;5725
1554;5728
1534;5730
1505;5733
1485;5735
1478;5737
1493;5740
1494;5742
1489;5745
1485;5747
1468;5749
1458;5752
1456;5754
1458;5757
1465;5760
1473;5762
1475;5765
1471;5767
1467;5770
1465;5772
1467;5774
1474;5777
1493;5779
1508;5782
1515;5784
1516;5786
1503;5789
1481;5791
1475;5794
1478;5796
1484;5798
1487;5801
1486;5804
1485;5807
1487;5809
1496;5812
1493;5814
1489;5816
1486;5819
1487;5821
1522;5824
1554;5826
1564;5828
1553;5831
1526;5833
1507;5836
1488;5838
1481;5840
1480;5843
1478;5846
1481;5849
1487;5851
1477;5853
1481;5856
1511;5858
1522;5861
1524;5863
1519;5865
1507;5868
1501;5870
1503;5873
1494;5875
1483;5877
1471;5880
1465;5882
1463;5885
1467;5888
1479;5891
1505;5893
1522;5895
1525;5898
1518;5900
1507;5903
1502;5905
1504;5907
1518;5910
1530;5912
1529;5915
1517;5917
1497;5919
1485;5922
1477;5924
1479;5927
1491;5929
1492;5932
1497;5935
1494;5937
1487;5940
1478;5942
1474;5944
1468;5947
1466;5949
1466;5952
1469;5954
1484;5957
1498;5959
1510;5961
1507;5964
1498;5966
1481;5969
1478;5971
1485;5974
1489;5977
1511;5979
1530;5982
1534;5984
1528;5986
1510;5989
1496;5991
1489;5994
1486;5996
1487;5998
1495;6001
1512;6003
1510;6006
1505;6008
1491;6010
1478;6013
1473;6016
1474;6019
1481;6021
1489;6023
1492;6026
1487;6028
1479;6031
1474;6033
1477;6036
1486;6038
1495;6040
1503;6043
1498;6045
1485;6048
1479;6050
1486;6052
1492;6055
1496;6057
1503;6061
1516;6063
1543;6065
1546;6068
1537;6070
1521;6073
1504;6075
1493;6077
1489;6080
1486;6082
1485;6085
1490;6087
1492;6089
1492;6092
1485;6094
1474;6097
1466;6099
1467;6103
1468;6105
1471;6107
1471;6110
1470;6112
1474;6115
1490;6117
1503;6119
1508;6122
1510;6124
1502;6127
1492;6129
1492;6131
1492;6134
1496;6136
1488;6139
1481;6141
1482;6144
1484;6147
1486;6149
1511;6152
1541;6154
1546;6156
1540;6159
1523;6161
1504;6164
1492;6166
1481;6168
1473;6171
1472;6173
1471;6176
1471;6178
1473;6181
1484;6183
1493;6185
1492;6189
1486;6191
1482;6194
1479;6196
1482;6198
1481;6201
1491;6203
1492;6206
1491;6208
1490;6210
1492;6213
1504;6215
1516;6218
1544;6220
1542;6222
1524;6225
1510;6227
1498;6231
1487;6233
1483;6235
1490;6238
1500;6240
1503;6243
1502;6245
1487;6248
1478;6250
1475;6252
1479;6255
1483;6257
1482;6260
1481;6262
1481;6264
1479;6267
1478;6269
1479;6273
1482;6275
1482;6277
1480;6280
1477;6282
1477;6285
1484;6287
1487;6289
1483;6292
1489;6294
1506;6297
1508;6299
1511;6301
1519;6304
1520;6306
1511;6309
1497;6311
1489;6315
1486;6317
1488;6319
1489;6322
1488;6324
1490;6327
1486;6329
1486;6331
1482;6334
1481;6336
1495;6339
1507;6341
1506;6343
1503;6346
1495;6348
1489;6351
1495;6353
1496;6355
1500;6359
1506;6361
1506;6364
1503;6366
1503;6368
1504;6371
1505;6373
1502;6376
1499;6378
1495;6381
1492;6383
1492;6385
1487;6388
1485;6390
1486;6393
1482;6395
1482;6397
1491;6401
1509;6403
1512;6406
1507;6408
1499;6410
1489;6413
1481;6415
1483;6418
1485;6420
1494;6422
1502;6425
1502;6427
1506;6430
1508;6432
1514;6434
1512;6437
1512;6439
1507;6443
1513;6445
1513;6447
1516;6450
1522;6452
1513;6455
1489;6457
1478;6459
1467;6462
1467;6464
1470;6467
1472;6469
1475;6472
1481;6474
1489;6476
1499;6479
1509;6481
1514;6484
1512;6487
1503;6489
1487;6492
1479;6494
1481;6497
1509;6499
1522;6501
1533;6504
1529;6506
1504;6509
1493;6511
1485;6513
1486;6516
1496;6518
1509;6521
1515;6523
1507;6525
1488;6529
1474;6531
1472;6534
1473;6536
1483;6538
1505;6541
1508;6543
1502;6546
1493;6548
1478;6550
1473;6553
1477;6555
1485;6558
1493;6560
1489;6562
1491;6565
1490;6567
1486;6571
1478;6573
1477;6576
1486;6578
1508;6580
1535;6583
1539;6585
1528;6588
1502;6590
1476;6592
1468;6595
1469;6597
1474;6600
1490;6602
1500;6604
1513;6607
1515;6609
1506;6612
1490;6615
1482;6617
1483;6620
1488;6622
1487;6625
1507;6627
1513;6629
1507;6632
1493;6634
1473;6637
1461;6639
1456;6641
1461;6644
1470;6646
1478;6649
1486;6651
1499;6653
1501;6657
1491;6659
1484;6662
1498;6664
1508;6667
1524;6669
1532;6671
1515;6674
1496;6676
1493;6679
1491;6681
1492;6683
1494;6686
1486;6688
1485;6691
1481;6693
1468;6695
1460;6699
1462;6701
1478;6704
1511;6706
1525;6708
1534;6711
1518;6713
1495;6716
1482;6718
1481;6720
1490;6723
1486;6725
1500;6728
1500;6730
1485;6732
1474;6735
1470;6737
1474;6740
1480;6743
1490;6746
1507;6748
1509;6750
1502;6753
1495;6755
1485;6758
1488;6760
1495;6762
1507;6765
1501;6767
1492;6770
1480;6772
1466;6774
1466;6777
1469;6779
1488;6782
1499;6785
1502;6787
1493;6790
1480;6792
1466;6795
1461;6797
1465;6799
1473;6802
1484;6804
1494;6807
1498;6809
1498;6811
1498;6814
1499;6816
1507;6819
1521;6821
1522;6824
1516;6827
1505;6829
1496;6832
1493;6834
1489;6837
1484;6839
1482;6841
1483;6844
1484;6846
1487;6849
1485;6851
1482;6853
1478;6856
1476;6858
1480;6861
1485;6863
1492;6865
1508;6868
1510;6871
1520;6874
1523;6876
1508;6878
1499;6881
1500;6883
1506;6886
1506;6888
1515;6890
1520;6893
1516;6895
1531;6898
1533;6900
1523;6903
1511;6905
1502;6907
1498;6910
1491;6913
1488;6916
1486;6918
1485;6920
1494;6923
1504;6925
1504;6928
1502;6930
1499;6932
1502;6935
1508;6937
1516;6940
1516;6942
1501;6944
1496;6947
1489;6949
1502;6952
1516;6955
1527;6957
1528;6960
1514;6962
1507;6965
1513;6967
1520;6969
1531;6972
1528;6974
1508;6977
1497;6979
1506;6982
1516;6984
1528;6986
1521;6989
1499;6991
1478;6994
1473;6996
1476;6999
1487;7002
1489;7004
1491;7007
1487;7009
1477;7011
1472;7014
1475;7016
1481;7019
1488;7021
1505;7023
1509;7026
1523;7028
1552;7031
1541;7033
1521;7035
1502;7038
1495;7041
1493;7044
1503;7046
1517;7049
1526;7051
1521;7053
1506;7056
1489;7058
1481;7061
1480;7063
1480;7065
1482;7068
1493;7070
1509;7073
1516;7075
1512;7077
1501;7080
1483;7083
1477;7086
1477;7088
1479;7090
1478;7093
1477;7095
1485;7098
1485;7100
1475;7102
1475;7105
1483;7107
1490;7110
1498;7112
1521;7115
1534;7117
1527;7119
1519;7122
1503;7124
1485;7128
1482;7130
1496;7132
1514;7135
1508;7137
1538;7140
1560;7142
1543;7144
1515;7147
1498;7149
1489;7152
1476;7154
1462;7156
1447;7159
1445;7161
1454;7164
1462;7166
1472;7169
1503;7172
1520;7174
1529;7177
1531;7179
1511;7181
1502;7184
1498;7186
1490;7189
1501;7191
1504;7194
1511;7196
1517;7198
1514;7201
1519;7203
1531;7206
1544;7208
1540;7211
1534;7214
1521;7216
1514;7219
1515;7221
1517;7223
1524;7226
1515;7228
1499;7231
1482;7233
1458;7235
1452;7238
1466;7240
1478;7243
1501;7245
1515;7247
1511;7250
1508;7252
1494;7256
1508;7258
1506;7261
1502;7263
1489;7265
1460;7268
1448;7270
1467;7273
1491;7275
1499;7277
1489;7280
1491;7282
1501;7285
1505;7287
1504;7289
1496;7292
1490;7294
1488;7298
1495;7300
1512;7302
1500;7305
1508;7307
1514;7310
1501;7312
1490;7314
1473;7317
1477;7319
1480;7322
1476;7324
1467;7327
1466;7329
1471;7331
1483;7334
1524;7336
1530;7340
1523;7342
1509;7344
1480;7347
1466;7349
1465;7352
1471;7354
1493;7356
1484;7359
1513;7361
1538;7364
1521;7366
1488;7368
1471;7371
1470;7373
1477;7376
1492;7378
1519;7380
1522;7384
1508;7386
1498;7389
1512;7391
1534;7393
1551;7396
1524;7398
1486;7401
1462;7403
1457;7406
1460;7408
1419;7410
1452;7413
1488;7415
1507;7418
1501;7420
1496;7422
1485;7426
1486;7428
1488;7431
1486;7433
1502;7435
1503;7438
1493;7440
1487;7443
1492;7445
1516;7447
1535;7450
1514;7452
1511;7455
1498;7457
1486;7459
1473;7462
1472;7464
1469;7468
1475;7470
1477;7473
1491;7475
1490;7477
1489;7480
1494;7482
1502;7485
1514;7487
1554;7489
1562;7492
1518;7494
1493;7497
1482;7499
1477;7501
1481;7504
1488;7506
1489;7510
1486;7512
1481;7514
1480;7517
1482;7519
1485;7522
1489;7524
1497;7526
1503;7529
1522;7531
1525;7534
1510;7536
1484;7539
1479;7541
1484;7543
1479;7546
1464;7548
1461;7552
1462;7554
1472;7556
1497;7559
1524;7561
1536;7564
1564;7566
1558;7568
1548;7571
1528;7573
1507;7576
1495;7578
1488;7580
1487;7583
1497;7585
1511;7588
1532;7590
1530;7592
1507;7596
1479;7598
1468;7601
1468;7603
1471;7606
1456;7608
1471;7610
1485;7613
1481;7615
1470;7618
1466;7620
1475;7622
1486;7625
1489;7627
1488;7630
1505;7632
1519;7634
1525;7638
1505;7640
1487;7643
1498;7645
1504;7647
1503;7650
1497;7652
1485;7655
1487;7657
1497;7659
1541;7662
1554;7664
1538;7667
1527;7669
1501;7672
1486;7674
1502;7676
1505;7680
1490;7682
1497;7685
1517;7687
1519;7689
1502;7692
1495;7694
1498;7697
1511;7699
1508;7701
1498;7704
1461;7706
1484;7709
1508;7711
1512;7713
1484;7716
1503;7718
1516;7721
1534;7724
1536;7726
1528;7729
1498;7731
1495;7734
1492;7736
1489;7738
1489;7741
1474;7743
1462;7746
1463;7748
1470;7751
1504;7753
1519;7755
1505;7758
1469;7760
1451;7763
1455;7766
1454;7768
1444;7771
1439;7773
1443;7776
1450;7778
1472;7780
1479;7783
1482;7785
1467;7788
1457;7790
1459;7792
1468;7795
1467;7797
1496;7800
1527;7802
1527;7804
1500;7808
1501;7810
1497;7813
1497;7815
1492;7817
1471;7820
1460;7822
1454;7825
1455;7827
1452;7830
1470;7832
1493;7834
1497;7837
1476;7839
1469;7842
1479;7844
1495;7846
1504;7849
1501;7852
1483;7855
1475;7857
1485;7859
1493;7862
1510;7864
1525;7867
1521;7869
1498;7871
1493;7874
1499;7876
1500;7879
1530;7881
1547;7883
1535;7886
1499;7888
1475;7891
1467;7894
1468;7897
1466;7899
1461;7901
1454;7904
1457;7906
1468;7909
1479;7911
1489;7913
1516;7916
1519;7918
1520;7921
1515;7923
1499;7925
1486;7928
1480;7930
1488;7933
1527;7936
1549;7938
1540;7941
1500;7943
1470;7946
1462;7948
1464;7950
1471;7953
1488;7955
1496;7958
1510;7960
1521;7963
1502;7965
1473;7967
1462;7970
1474;7972
1501;7975
1526;7977
1531;7980
1514;7983
1476;7985
1461;7988
1460;7990
1468;7992
1481;7995
1505;7997
1518;8000
1511;8002
1482;8004
1462;8007
1457;8009
1457;8012
1461;8014
1473;8016
1491;8019
1519;8022
1526;8025
1512;8027
1495;8030
1482;8032
1480;8034
1462;8037
1474;8039
1476;8042
1463;8044
1458;8046
1464;8049
1493;8051
1516;8054
1525;8056
1517;8058
1493;8061
1472;8064
1466;8067
1463;8069
1467;8071
1477;8074
1480;8076
1480;8079
1478;8081
1523;8083
1535;8086
1542;8088
1529;8091
1492;8093
1465;8095
1466;8098
1469;8100
1469;8103
1477;8105
1498;8108
1509;8111
1515;8113
1480;8116
1482;8118
1495;8120
1488;8123
1473;8125
1467;8128
1469;8130
1474;8133
1468;8135
1459;8137
1456;8140
1461;8142
1468;8145
1482;8147
1487;8150
1516;8153
1538;8155
1535;8158
1528;8160
1516;8162
1514;8165
1511;8167
1546;8170
1543;8172
1518;8174
1487;8177
1469;8179
1463;8182
1464;8184
1469;8186
1478;8189
1478;8192
1479;8195
1477;8197
1469;8199
1466;8202
1468;8204
1472;8207
1477;8209
1482;8212
1518;8214
1521;8216
1540;8219
1532;8221
1500;8224
1483;8226
1476;8228
1474;8231
1475;8233
1480;8237
1487;8239
1537;8241
1579;8244
1607;8246
1592;8249
1526;8251
1477;8253
1460;8256
1452;8258
1453;8261
1458;8263
1463;8265
1467;8268
1472;8270
1495;8273
1501;8275
1505;8278
1505;8281
1488;8283
1477;8286
1475;8288
1483;8291
1476;8293
1486;8295
1493;8298
1483;8300
1476;8303
1479;8305
1481;8307
1484;8310
1490;8312
1509;8315
1537;8317
1576;8320
1580;8323
1553;8325
1510;8328
1486;8330
1476;8332
1473;8335
1473;8337
1475;8340
1490;8342
1499;8344
1504;8347
1502;8349
1492;8352
1482;8354
1478;8356
1478;8359
1480;8361
1483;8365
1486;8367
1479;8370
1478;8372
1482;8374
1481;8377
1479;8379
1503;8382
1505;8384
1513;8386
1512;8389
1501;8391
1500;8394
1532;8396
1560;8398
1573;8401
1570;8403
1536;8407
1507;8409
1490;8411
1483;8414
1481;8416
1490;8419
1498;8421
1507;8423
1516;8426
1499;8428
1486;8431
1483;8433
1497;8435
1489;8438
1489;8440
1483;8443
1472;8445
1466;8448
1474;8451
1492;8453
1524;8456
1539;8458
1544;8461
1533;8463
1528;8465
1517;8468
1512;8470
1504;8473
1498;8475
1485;8477
1483;8480
1490;8482
1493;8485
1506;8487
1498;8489
1484;8493
1478;8495
1473;8498
1475;8500
1478;8502
1503;8505
1518;8507
1551;8510
1547;8512
1532;8514
1508;8517
1490;8519
1478;8522
1474;8524
1477;8526
1506;8529
1526;8531
1550;8535
1568;8537
1538;8540
1488;8542
1471;8544
1467;8547
1471;8549
1490;8552
1495;8554
1499;8556
1514;8559
1506;8561
1488;8564
1470;8566
1463;8568
1465;8571
1470;8573
1472;8577
1477;8579
1481;8581
1480;8584
1478;8586
1478;8589
1480;8591
1498;8593
1522;8596
1528;8598
1525;8601
1505;8603
1481;8606
1473;8608
1472;8610
1475;8613
1483;8615
1491;8619
1500;8621
1497;8623
1499;8626
1500;8628
1499;8631
1502;8633
1501;8635
1499;8638
1500;8640
1511;8643
1541;8645
1533;8647
1550;8650
1544;8652
1521;8655
1498;8657
1483;8659
1482;8663
1494;8665
1500;8668
1506;8670
1498;8673
1498;8675
1502;8677
1490;8680
1478;8682
1469;8685
1467;8687
1467;8689
1475;8692
1494;8694
1512;8697
1518;8699
1518;8701
1517;8705
1509;8707
1496;8710
1489;8712
1491;8714
1500;8717
1494;8719
1482;8722
1493;8724
1511;8726
1508;8729
1500;8731
1490;8734
1485;8736
1483;8738
1479;8741
1478;8743
1480;8747
1482;8749
1489;8752
1498;8754
1522;8756
1530;8759
1515;8761
1491;8764
1480;8766
1476;8768
1499;8771
1501;8773
1522;8776
1531;8778
1512;8780
1496;8783
1487;8785
1484;8788
1485;8791
1501;8793
1523;8796
1522;8798
1500;8801
1477;8803
1473;8805
1478;8808
1508;8810
1506;8813
1531;8815
1540;8817
1518;8820
1488;8822
1481;8825
1477;8827
1477;8830
1473;8833
1466;8835
1457;8838
1454;8840
1459;8843
1464;8845
1473;8847
1493;8850
1519;8852
1543;8855
1561;8857
1549;8859
1510;8862
1483;8864
1469;8867
1466;8869
1472;8871
1482;8875
1495;8877
1520;8880
1539;8882
1531;8884
1514;8887
1491;8889
1478;8892
1472;8894
1469;8897
1470;8899
1471;8901
1473;8904
1477;8906
1488;8909
1512;8911
1529;8913
1544;8916
1532;8919
1500;8922
1480;8924
1477;8926
1477;8929
1490;8931
1497;8934
1502;8936
1505;8938
1500;8941
1489;8943
1486;8946
1485;8948
1486;8950
1492;8953
1515;8955
1520;8958
1545;8961
1564;8964
1541;8966
1506;8968
1491;8971
1479;8973
1476;8976
1476;8978
1485;8980
1482;8983
1480;8985
1471;8988
1471;8990
1476;8992
1481;8995
1483;8997
1484;9000
1485;9003
1486;9005
1487;9008
1496;9010
1506;9013
1510;9015
1505;9017
1489;9020
1475;9022
1474;9025
1481;9027
1486;9029
1489;9032
1509;9034
1509;9037
1534;9039
1550;9042
1538;9044
1513;9047
1495;9050
1486;9052
1487;9055
1507;9057
1504;9059
1512;9062
1508;9064
1493;9067
1482;9069
1482;9071
1487;9074
1500;9076
1517;9079
1530;9081
1528;9083
1511;9086
1488;9089
1479;9092
1480;9094
1481;9096
1487;9099
1488;9101
1498;9104
1515;9106
1513;9109
1498;9111
1487;9113
1497;9116
1500;9118
1511;9121
1512;9123
1506;9125
1504;9128
1502;9131
1511;9134
1516;9136
1508;9138
1493;9141
1480;9143
1480;9146
1480;9148
1481;9150
1477;9153
1475;9155
1470;9158
1465;9160
1471;9162
1476;9165
1476;9167
1479;9170
1479;9172
1492;9176
1511;9178
1530;9180
1535;9183
1521;9185
1500;9188
1493;9190
1506;9192
1512;9195
1524;9197
1528;9200
1536;9202
1522;9204
1513;9207
1499;9209
1486;9212
1481;9214
1477;9217
1470;9220
1468;9222
1470;9225
1476;9227
1486;9229
1491;9232
1491;9234
1498;9237
1490;9239
1479;9242
1476;9244
1482;9246
1486;9249
1509;9251
1520;9254
1528;9256
1516;9259
1491;9262
1484;9264
1489;9267
1490;9269
1500;9271
1508;9274
1504;9276
1493;9279
1484;9281
1479;9283
1485;9286
1498;9288
1500;9291
1494;9293
1490;9295
1481;9298
1471;9300
1457;9304
1466;9306
1487;9308
1503;9311
1503;9313
1528;9316
1528;9318
1497;9321
1489;9323
1483;9325
1475;9328
1472;9330
1481;9333
1483;9335
1498;9337
1515;9340
1505;9342
1492;9346
1472;9348
1471;9350
1493;9353
1511;9355
1516;9358
1502;9360
1475;9362
1461;9365
1454;9367
1448;9370
1444;9372
1447;9374
1453;9377
1460;9379
1465;9382
1473;9384
1490;9388
1509;9390
1551;9392
1565;9395
1569;9397
1540;9400
1500;9402
1478;9404
1475;9407
1479;9409
1483;9412
1486;9414
1473;9416
1480;9419
1487;9421
1484;9424
1474;9426
1475;9428
1479;9432
1480;9434
1480;9437
1478;9439
1475;9441
1476;9444
1482;9446
1491;9449
1488;9451
1497;9454
1503;9456
1496;9458
1503;9461
1507;9463
1524;9466
1526;9468
1521;9470
1500;9474
1490;9476
1522;9479
1542;9481
1545;9483
1541;9486
1516;9488
1488;9491
1476;9493
1472;9495
1471;9498
1473;9500
1476;9503
1480;9505
1471;9507
1450;9510
1464;9512
1475;9516
1475;9518
1480;9521
1511;9523
1533;9525
1547;9528
1537;9530
1504;9533
1485;9535
1477;9537
1475;9540
1479;9542
1489;9545
1488;9547
1488;9549
1479;9552
1477;9554
1480;9558
1505;9560
1513;9562
1524;9565
1526;9567
1507;9570
1483;9572
1476;9574
1478;9577
1483;9579
1486;9582
1490;9584
1492;9587
1494;9589
1522;9591
1530;9594
1557;9596
1575;9600
1554;9602
1512;9604
1483;9607
1474;9609
1464;9612
1455;9614
1454;9616
1450;9619
1444;9621
1452;9624
1466;9626
1487;9628
1498;9631
1505;9633
1505;9636
1495;9638
1485;9640
1483;9644
1481;9646
1486;9649
1499;9651
1514;9653
1528;9656
1547;9658
1562;9661
1555;9663
1537;9666
1496;9668
1479;9670
1481;9673
1497;9675
1510;9678
1510;9680
1515;9682
1531;9686
1551;9688
1556;9691
1536;9693
1503;9695
1486;9698
1470;9700
1475;9703
1462;9705
1462;9707
1474;9710
1479;9712
1480;9715
1479;9717
1475;9719
1464;9722
1453;9724
1463;9728
1492;9730
1507;9732
1506;9735
1496;9737
1499;9740
1496;9742
1497;9745
1497;9747
1500;9749
1502;9752
1498;9754
1488;9757
1477;9759
1477;9761
1474;9764
1477;9766
1482;9769
1481;9772
1480;9774
1478;9777
1474;9779
1474;9782
1475;9784
1477;9786
1492;9789
1508;9791
1525;9794
1524;9796
1497;9799
1475;9801
1471;9803
1472;9806
1475;9808
1480;9811
1490;9814
1530;9816
1560;9819
1570;9821
1559;9824
1517;9826
1487;9828
1473;9831
1472;9833
1479;9836
1478;9838
1477;9840
1476;9843
1471;9845
1461;9848
1455;9850
1461;9852
1469;9856
1473;9858
1479;9861
1483;9863
1488;9866
1495;9868
1523;9870
1532;9873
1542;9875
1558;9878
1545;9880
1510;9882
1485;9885
1478;9887
1477;9890
1492;9892
1506;9894
1501;9897
1505;9900
1505;9903
1491;9905
1485;9907
1480;9910
1480;9912
1483;9915
1487;9917
1509;9919
1552;9922
1550;9924
1547;9927
1516;9929
1480;9932
1467;9934
1465;9936
1465;9939
1474;9942
1476;9945
1477;9947
1470;9949
1463;9952
1471;9954
1476;9957
1487;9959
1493;9961
1498;9964
1503;9966
1504;9969
1505;9971
1521;9973
1535;9976
1564;9978
1584;9981
1566;9984
1518;9986
1487;9989
1476;9991
1472;9994
1466;9996
1481;9999
1485;10001
1480;10003
1470;10006
1467;10008
1471;10011
1487;10013
1529;10016
1541;10018
1551;10021
1538;10023
1505;10025
1480;10029
1470;10031
1470;10034
1471;10036
1474;10039
1490;10041
1514;10044
1516;10046
1541;10049
1531;10051
1488;10054
1469;10056
1467;10058
1469;10061
1471;10063
1474;10066
1491;10068
1505;10072
1521;10074
1538;10077
1524;10079
1495;10082
1480;10084
1476;10086
1474;10089
1477;10091
1481;10094
1509;10096
1535;10099
1555;10101
1554;10104
1525;10106
1487;10109
1479;10112
1478;10114
1484;10117
1486;10119
1492;10122
1495;10124
1506;10127
1483;10129
1493;10132
1499;10134
1489;10137
1477;10139
1473;10141
1472;10144
1472;10146
1473;10149
1483;10151
1474;10155
1487;10157
1519;10160
1530;10162
1510;10165
1492;10167
1480;10170
1485;10172
1505;10174
1515;10177
1515;10179
1510;10182
1509;10184
1525;10187
1545;10189
1551;10192
1537;10194
1499;10198
1480;10200
1471;10202
1459;10205
1450;10207
1452;10210
1453;10212
1452;10215
1458;10217
1466;10220
1479;10222
1492;10225
1503;10227
1505;10229
1503;10232
1490;10234
1487;10237
1496;10240
1522;10243
1542;10245
1550;10248
1536;10250
1492;10253
1472;10255
1472;10258
1475;10260
1504;10262
1521;10265
1520;10267
1523;10270
1503;10272
1486;10275
1476;10277
1472;10280
1473;10283
1478;10286
1486;10288
1489;10290
1490;10293
1487;10295
1474;10298
1463;10300
1464;10303
1473;10305
1508;10308
1510;10310
1550;10313
1557;10315
1523;10317
1493;10320
1482;10322
1481;10326
1490;10328
1494;10331
1498;10333
1495;10336
1487;10338
1484;10341
1479;10343
1478;10346
1480;10348
1496;10350
1524;10353
1524;10355
1552;10358
1540;10360
1501;10363
1478;10365
1468;10369
1467;10371
1468;10374
1472;10376
1477;10378
1480;10381
1481;10383
1481;10386
1479;10388
1477;10391
1477;10393
1479;10396
1481;10398
1483;10401
1485;10403
1492;10405
1495;10408
1507;10411
1504;10414
1509;10416
1505;10419
1496;10421
1478;10424
1474;10426
1476;10429
1487;10431
1514;10433
1536;10436
1545;10438
1530;10441
1502;10443
1484;10446
1487;10448
1495;10451
1492;10454
1508;10457
1513;10459
1496;10462
1480;10464
1475;10466
1477;10469
1484;10471
1512;10474
1500;10476
1521;10479
1538;10481
1517;10484
1492;10486
1483;10489
1490;10491
1534;10493
1554;10497
1548;10499
1525;10502
1487;10504
1469;10507
1464;10509
1467;10512
1469;10514
1480;10517
1482;10519
1477;10521
1471;10524
1470;10526
1480;10529
1488;10531
1500;10534
1522;10536
1520;10540
1494;10542
1474;10545
1473;10547
1475;10550
1483;10552
1515;10554
1528;10557
1532;10559
1526;10562
1500;10564
1488;10567
1487;10569
1482;10572
1482;10574
1487;10577
1498;10579
1508;10582
1506;10585
1499;10587
1485;10590
1473;10592
1469;10595
1477;10597
1480;10600
1486;10602
1493;10605
1486;10607
1479;10609
1477;10612
1476;10614
1479;10617
1482;10619
1486;10622
1491;10625
1540;10628
1572;10630
1596;10633
1605;10635
1563;10637
1509;10640
1476;10642
1464;10645
1461;10647
1462;10650
1466;10652
1471;10655
1474;10657
1475;10660
1475;10662
1473;10665
1473;10668
1476;10670
1475;10673
1471;10675
1469;10678
1468;10680
1471;10683
1478;10685
1483;10688
1486;10690
1487;10693
1487;10695
1485;10697
1496;10700
1514;10702
1528;10705
1538;10707
1534;10711
1525;10713
1512;10716
1497;10718
1489;10721
1484;10723
1481;10725
1484;10728
1489;10730
1515;10733
1537;10735
1547;10738
1534;10740
1502;10743
1488;10745
1481;10748
1477;10750
1472;10754
1469;10756
1472;10758
1482;10761
1494;10763
1509;10766
1500;10768
1487;10771
1505;10773
1510;10776
1496;10778
1486;10781
1483;10783
1490;10785
1510;10788
1523;10790
1527;10793
1519;10796
1495;10799
1478;10801
1475;10804
1475;10806
1477;10809
1476;10811
1498;10813
1496;10816
1487;10818
1478;10821
1469;10823
1465;10826
1467;10828
1469;10831
1472;10833
1466;10836
1462;10839
1488;10842
1505;10844
1528;10846
1543;10849
1536;10851
1527;10854
1514;10856
1504;10859
1490;10861
1497;10864
1496;10866
1484;10869
1473;10871
1478;10873
1490;10876
1513;10878
1514;10882
1518;10884
1507;10887
1487;10889
1481;10892
1478;10894
1480;10897
1487;10899
1488;10901
1491;10904
1496;10906
1493;10909
1483;10911
1482;10914
1483;10916
1483;10919
1481;10921
1491;10925
1511;10927
1521;10929
1507;10932
1492;10934
1503;10937
1508;10939
1506;10942
1497;10944
1486;10947
1480;10949
1490;10952
1500;10954
1510;10957
1515;10959
1505;10961
1485;10964
1473;10967
1472;10970
1474;10972
1486;10975
1518;10977
1536;10980
1544;10982
1507;10985
1492;10987
1486;10989
1479;10992
1471;10994
1467;10997
1461;10999
1467;11002
1475;11004
1481;11008
1480;11010
1488;11013
1488;11015
1490;11017
1498;11020
1502;11022
1507;11025
1514;11027
1526;11030
1521;11032
1505;11035
1498;11037
1478;11040
1466;11042
1467;11045
1461;11047
1457;11049
1470;11053
1475;11055
1466;11058
1462;11060
1470;11063
1491;11065
1511;11068
1523;11070
1524;11073
1520;11075
1504;11077
1497;11080
1494;11082
1492;11085
1488;11087
1491;11090
1509;11092
1525;11096
1531;11098
1519;11101
1491;11103
1468;11105
1463;11108
1464;11110
1468;11113
1471;11115
1474;11118
1480;11120
1481;11123
1482;11125
1493;11128
1494;11130
1484;11133
1486;11136
1494;11138
1501;11141
1510;11143
1508;11146
1501;11148
1496;11151
1484;11153
1479;11156
1480;11158
1505;11161
1514;11163
1507;11165
1489;11168
1473;11170
1469;11173
1469;11175
1470;11179
1475;11181
1484;11184
1503;11186
1561;11189
1591;11191
1565;11193
1517;11196
1483;11198
1469;11201
1465;11203
1466;11206
1468;11208
1471;11211
1479;11213
1490;11216
1496;11218
1513;11222
1511;11224
1486;11226
1471;11229
1467;11231
1466;11234
1470;11236
1487;11239
1497;11241
1491;11244
1494;11246
1488;11249
1473;11251
1475;11253
1480;11256
1492;11258
1491;11261
1503;11264
1512;11267
1503;11269
1493;11272
1498;11274
1522;11277
1539;11279
1544;11281
1533;11284
1510;11286
1494;11289
1485;11291
1488;11294
1467;11296
1474;11299
1475;11301
1474;11304
1469;11307
1473;11310
1477;11312
1481;11314
1484;11317
1497;11319
1498;11322
1506;11324
1512;11327
1510;11329
1509;11332
1510;11334
1503;11337
1495;11339
1493;11341
1493;11344
1521;11346
1541;11350
1562;11352
1578;11355
1546;11357
1502;11360
1473;11362
1461;11365
1462;11367
1465;11369
1469;11372
1473;11374
1476;11377
1485;11379
1497;11382
1505;11384
1512;11387
1502;11389
1470;11393
1460;11395
1464;11397
1471;11400
1475;11402
1473;11405
1478;11407
1516;11410
1536;11412
1539;11415
1529;11417
1514;11420
1499;11422
1494;11425
1498;11427
1499;11429
1500;11432
1508;11435
1514;11438
1516;11440
1524;11443
1510;11445
1486;11448
1474;11450
1471;11453
1472;11455
1475;11457
1490;11460
1504;11462
1502;11465
1498;11467
1508;11470
1521;11472
1531;11475
1543;11478
1530;11481
1501;11483
1479;11485
1471;11488
1476;11490
1482;11493
1489;11495
1490;11498
1506;11500
1522;11503
1526;11505
1544;11508
1536;11510
1527;11513
1511;11515
1493;11517
1511;11521
1531;11523
1539;11526
1559;11528
1528;11531
1499;11533
1476;11536
1463;11538
1462;11541
1471;11543
1504;11545
1532;11548
1545;11550
1551;11553
1544;11555
1527;11558
1491;11560
1466;11564
1456;11566
1459;11569
1465;11571
1473;11573
1488;11576
1505;11578
1499;11581
1475;11583
1462;11586
1465;11588
1486;11591
1510;11593
1508;11596
1499;11598
1491;11600
1482;11603
1481;11606
1478;11609
1475;11611
1470;11614
1481;11616
1492;11619
1492;11621
1479;11624
1489;11626
1491;11629
1518;11631
1543;11633
1542;11636
1530;11638
1493;11641
1487;11643
1495;11646
1494;11649
1488;11652
1483;11654
1489;11657
1479;11659
1488;11661
1499;11664
1491;11666
1486;11669
1484;11671
1484;11674
1490;11676
1504;11679
1517;11681
1523;11684
1542;11686
1543;11688
1524;11692
1506;11694
1497;11697
1515;11699
1528;11702
1528;11704
1519;11707
1497;11709
1484;11712
1482;11714
1482;11717
1476;11719
1510;11721
1527;11724
1507;11726
1488;11729
1480;11731
1487;11735
1462;11737
1465;11740
1481;11742
1477;11745
1475;11747
1476;11749
1482;11752
1489;11754
1504;11757
1546;11759
1577;11762
1587;11764
1562;11767
1515;11769
1486;11772
1479;11774
1486;11777
1476;11780
1492;11782
1538;11785
1550;11787
1510;11790
1479;11792
1477;11795
1476;11797
1482;11800
1482;11802
1481;11805
1477;11807
1473;11809
1470;11812
1473;11814
1481;11817
1489;11820
1515;11823
1519;11825
1504;11828
1504;11830
1502;11833
1498;11835
1519;11837
1509;11840
1514;11842
1493;11845
1477;11847
1476;11850
1486;11852
1501;11855
1537;11857
1550;11860
1533;11863
1501;11865
1486;11868
1475;11870
1464;11873
1477;11875
1477;11878
1490;11880
1466;11883
1468;11885
1467;11888
1477;11890
1486;11893
1523;11895
1554;11897
1530;11900
1497;11902
1483;11906
1476;11908
1475;11911
1478;11913
1479;11916
1480;11918
1481;11921
1475;11923
1465;11925
1469;11928
1481;11930
1488;11933
1488;11935
1509;11938
1519;11940
1575;11943
1574;11945
1532;11949
1493;11951
1480;11953
1486;11956
1487;11958
1510;11961
1520;11963
1504;11966
1484;11968
1472;11971
1463;11973
1468;11976
1482;11978
1509;11980
1513;11983
1542;11985
1535;11988
1510;11991
1488;11994
1469;11996
1463;11999
1462;12001
1465;12004
1465;12006
1473;12009
1478;12011
1468;12013
1505;12016
1532;12018
1537;12021
1525;12023
1509;12026
1536;12028
1505;12032
1524;12034
1551;12037
1536;12039
1495;12041
1471;12044
1463;12046
1464;12049
1461;12051
1458;12054
1469;12056
1497;12059
1496;12061
1511;12064
1521;12066
1504;12068
1495;12071
1487;12073
1484;12077
1485;12079
1482;12082
1497;12084
1506;12087
1516;12089
1504;12092
1491;12094
1478;12097
1476;12099
1487;12101
1508;12104
1528;12106
1550;12109
1534;12111
1515;12114
1489;12116
1472;12120
1468;12122
1471;12125
1476;12127
1483;12129
1487;12132
1505;12134
1485;12137
1499;12139
1547;12142
1549;12144
1511;12147
1488;12149
1478;12152
1480;12154
1458;12156
1476;12160
1516;12162
1534;12165
1537;12167
1518;12170
1484;12172
1459;12175
1450;12177
1455;12180
1463;12182
1470;12184
1484;12187
1500;12189
1511;12192
1527;12194
1526;12197
1516;12199
1497;12203
1483;12205
1476;12208
1458;12210
1454;12213
1467;12215
1464;12217
1476;12220
1490;12222
1509;12225
1517;12227
1506;12230
1490;12232
1495;12235
1518;12237
1525;12240
1502;12242
1479;12244
1469;12248
1468;12250
1470;12253
1484;12255
1481;12258
1494;12260
1507;12263
1498;12265
1484;12268
1474;12270
1471;12272
1471;12275
1471;12277
1469;12280
1465;12282
1467;12285
1471;12288
1472;12291
1475;12293
1500;12296
1517;12298
1518;12300
1525;12303
1523;12305
1502;12308
1491;12310
1493;12313
1498;12315
1510;12318
1472;12320
1477;12323
1485;12325
1479;12328
1470;12331
1467;12333
1467;12336
1479;12338
1495;12341
1512;12343
1521;12346
1506;12348
1482;12351
1475;12353
1472;12356
1467;12358
1472;12360
1485;12363
1516;12365
1517;12368
1494;12370
1479;12374
1475;12376
1475;12379
1481;12381
1478;12384
1452;12386
1475;12388
1487;12391
1486;12393
1479;12396
1488;12398
1500;12401
1524;12403
1538;12406
1517;12408
1497;12411
1497;12413
1514;12416
1543;12419
1554;12421
1529;12424
1488;12426
1468;12429
1462;12431
1464;12434
1464;12436
1463;12439
1462;12441
1462;12444
1466;12446
1466;12448
1477;12451
1495;12453
1494;12456
1484;12459
1489;12462
1487;12464
1492;12467
1496;12469
1492;12472
1516;12474
1534;12476
1528;12479
1498;12481
1504;12484
1510;12486
1497;12489
1484;12491
1483;12494
1476;12496
1464;12499
1467;12502
1461;12504
1462;12507
1469;12509
1475;12512
1481;12514
1490;12517
1503;12519
1501;12522
1539;12524
1543;12527
1520;12529
1505;12532
1504;12534
1521;12536
1522;12539
1521;12541
1504;12545
1483;12547
1469;12550
1464;12552
1466;12555
1481;12557
1504;12560
1524;12562
1539;12564
1542;12567
1514;12569
1493;12572
1483;12574
1477;12577
1470;12579
1464;12582
1481;12584
1527;12588
1536;12590
1556;12592
1523;12595
1470;12597
1435;12600
1428;12602
1435;12605
1446;12607
1461;12610
1463;12612
1491;12615
1537;12617
1548;12620
1507;12622
1468;12624
1458;12627
1456;12630
1460;12633
1466;12635
1471;12638
1475;12640
1478;12643
1483;12645
1463;12648
1476;12650
1491;12652
1478;12655
1465;12657
1473;12660
1483;12662
1491;12665
1499;12667
1499;12670
1489;12673
1487;12676
1499;12678
1500;12680
1504;12683
1524;12685
1525;12688
1524;12690
1492;12693
1523;12695
1567;12698
1564;12700
1529;12703
1492;12705
1475;12708
1473;12710
1475;12712
1479;12716
1483;12718
1488;12721
1496;12723
1492;12726
1496;12728
1500;12731
1498;12733
1489;12736
1486;12738
1487;12740
1488;12743
1490;12745
1500;12748
1477;12750
1497;12753
1522;12755
1524;12759
1497;12761
1482;12764
1481;12766
1497;12768
1485;12771
1515;12773
1550;12776
1543;12778
1507;12781
1482;12783
1476;12786
1479;12788
1482;12791
1487;12793
1491;12795
1490;12798
1485;12801
1483;12804
1486;12806
1494;12809
1502;12811
1521;12814
1515;12816
1508;12819
1496;12821
1476;12824
1475;12826
1469;12828
1474;12831
1500;12833
1500;12836
1508;12838
1558;12841
1544;12844
1516;12847
1494;12849
1486;12852
1485;12854
1472;12856
1497;12859
1517;12861
1518;12864
1495;12866
1484;12869
1483;12871
1488;12874
1502;12876
1495;12879
1494;12881
1525;12883
1523;12887
1494;12889
1476;12892
1471;12894
1471;12897
1480;12899
1485;12902
1468;12904
1508;12907
1523;12909
1506;12912
1493;12914
1470;12916
1494;12919
1517;12921
1525;12924
1512;12926
1507;12930
1497;12932
1489;12935
1477;12937
1476;12940
1482;12942
1488;12944
1491;12947
1488;12949
1486;12952
1484;12954
1483;12957
1484;12959
1494;12962
1499;12964
1504;12967
1521;12969
1532;12972
1524;12975
1514;12977
1495;12980
1474;12982
1476;12985
1504;12987
1512;12990
1521;12992
1506;12995
1482;12997
1466;12999
1462;13002
1446;13004
1458;13007
1480;13009
1490;13012
1484;13015
1475;13018
1467;13020
1467;13023
1480;13025
1485;13028
1490;13030
1524;13032
1539;13035
1525;13037
1505;13040
1495;13042
1490;13045
1496;13047
1485;13050
1496;13052
1506;13056
1501;13058
1496;13060
1492;13063
1491;13065
1486;13068
1479;13070
1473;13073
1472;13075
1474;13078
1481;13080
1478;13083
1464;13085
1525;13087
1548;13090
1531;13092
1496;13095
1481;13097
1479;13101
1488;13103
1489;13106
1494;13108
1489;13111
1493;13113
1494;13116
1481;13118
1479;13120
1480;13123
1493;13125
1501;13128
1508;13130
1558;13133
1569;13135
1517;13138
1462;13140
1457;13144
1464;13146
1462;13148
1461;13151
1465;13153
1475;13156
1478;13158
1486;13161
1488;13163
1485;13166
1477;13168
1476;13171
1475;13173
1484;13175
1491;13178
1497;13180
1490;13184
1497;13186
1521;13189
1527;13191
1551;13194
1545;13196
1506;13199
1479;13201
1473;13204
1473;13206
1475;13208
1479;13211
1480;13213
1481;13216
1465;13218
1469;13221
1501;13223
1503;13227
1496;13229
1483;13232
1486;13234
1473;13236
1479;13239
1510;13241
1511;13244
1488;13246
1476;13249
1469;13251
1491;13254
1511;13256
1528;13259
1530;13261
1535;13263
1525;13266
1505;13268
1485;13272
1478;13274
1477;13277
1481;13279
1479;13282
1490;13284
1502;13287
1506;13289
1502;13291
1497;13294
1492;13296
1487;13299
1482;13301
1477;13304
1478;13306
1485;13309
1492;13312
1491;13315
1476;13317
1500;13320
1515;13322
1510;13324
1499;13327
1504;13329
1507;13332
1493;13334
1477;13337
1471;13339
1481;13342
1489;13344
1521;13347
1545;13349
1535;13351
1506;13355
1484;13357
1476;13360
1475;13362
1475;13365
1475;13367
1475;13370
1474;13372
1470;13375
1473;13377
1489;13379
1496;13382
1499;13384
1481;13387
1499;13389
1521;13392
1514;13394
1489;13398
1471;13400
1470;13403
1489;13405
1513;13408
1482;13410
1487;13412
1495;13415
1498;13417
1486;13420
1479;13422
1480;13425
1484;13427
1491;13430
1491;13432
1495;13435
1507;13437
1510;13440
1501;13443
1494;13445
1492;13448
1512;13450
1513;13453
1538;13455
1566;13458
1533;13460
1496;13463
1480;13465
1471;13467
1470;13470
1470;13472
1472;13475
1471;13477
1484;13480
1503;13483
1510;13486
1515;13488
1521;13491
1529;13493
1521;13496
1512;13498
1479;13500
1471;13503
1475;13505
1473;13508
1467;13510
1473;13513
1483;13515
1495;13518
1504;13520
1557;13523
1573;13526
1545;13528
1501;13531
1483;13533
1478;13536
1478;13538
1480;13541
1483;13543
1485;13546
1487;13548
1497;13551
1507;13553
1514;13555
1511;13558
1501;13560
1480;13563
1463;13565
1467;13569
1471;13571
1484;13574
1501;13576
1508;13579
1467;13581
1490;13583
1515;13586
1512;13588
1499;13591
1493;13593
1493;13596
1494;13598
1510;13601
1509;13603
1540;13606
1554;13608
1537;13612
1494;13614
1478;13616
1476;13619
1478;13621
1481;13624
1489;13626
1487;13629
1491;13631
1497;13634
1488;13636
1484;13639
1484;13641
1487;13643
1488;13646
1488;13648
1496;13651
1486;13654
1501;13657
1515;13659
1511;13662
1490;13664
1478;13667
1478;13669
1494;13671
1493;13674
1496;13676
1499;13679
1488;13681
1485;13684
1493;13686
1499;13689
1509;13691
1522;13694
1526;13697
1517;13700
1507;13702
1498;13704
1501;13707
1511;13709
1512;13712
1509;13714
1513;13717
1505;13719
1521;13722
1522;13724
1500;13727
1481;13729
1471;13731
1470;13734
1475;13736
1487;13740
1480;13742
1473;13745
1477;13747
1477;13750
1477;13752
1483;13755
1489;13757
1498;13759
1513;13762
1532;13764
1544;13767
1532;13769
1506;13772
1498;13774
1498;13777
1511;13779
1511;13783
1512;13785
1491;13787
1493;13790
1518;13792
1527;13795
1540;13797
1550;13800
1533;13802
1540;13805
1528;13807
1506;13810
1488;13812
1482;13815
1467;13817
1462;13819
1477;13822
1501;13825
1493;13828
1477;13830
1473;13833
1471;13835
1472;13838
1482;13840
1492;13843
1501;13845
1516;13847
1517;13850
1518;13852
1512;13855
1500;13857
1497;13860
1482;13862
1470;13865
1471;13868
1480;13871
1497;13873
1500;13875
1501;13878
1467;13880
1469;13883
1487;13885
1492;13888
1482;13890
1478;13893
1480;13895
1480;13898
1478;13900
1475;13903
1471;13905
1472;13907
1480;13911
1484;13913
1479;13916
1476;13918
1478;13921
1484;13923
1493;13926
1500;13928
1509;13931
1524;13933
1531;13935
1529;13938
1526;13940
1536;13943
1542;13945
1539;13948
1533;13950
1518;13954
1497;13956
1494;13959
1489;13961
1554;13963
1565;13966
1542;13968
1514;13971
1492;13973
1477;13976
1472;13978
1480;13981
1507;13983
1519;13986
1521;13988
1508;13991
1483;13993
1477;13996
1475;13999
1474;14001
1464;14004
1463;14006
1478;14009
1491;14011
1498;14014
1491;14016
1490;14019
1496;14021
1500;14023
1501;14026
1499;14028
1506;14031
1529;14033
1539;14036
1548;14039
1537;14042
1506;14044
1491;14047
1481;14049
1480;14051
1479;14054
1505;14056
1526;14059
1524;14061
1503;14064
1490;14066
1473;14069
1459;14071
1452;14074
1455;14076
1461;14078
1470;14082
1482;14084
1485;14087
1498;14089
1507;14092
1522;14094
1539;14097
1535;14099
1495;14102
1486;14104
1482;14107
1494;14109
1506;14111
1530;14114
1541;14116
1543;14119
1539;14121
1520;14125
1491;14127
1467;14130
1464;14132
1469;14135
1476;14137
1484;14139
1496;14142
1506;14144
1510;14147
1505;14149
1496;14152
1498;14154
1497;14157
1498;14159
1495;14162
1496;14164
1504;14167
1513;14170
1527;14172
1541;14175
1553;14177
1538;14180
1499;14182
1470;14185
1457;14187
1454;14190
1462;14192
1474;14195
1486;14197
1502;14199
1530;14202
1549;14204
1539;14208
1504;14210
1487;14213
1481;14215
1471;14218
1464;14220
1457;14223
1467;14225
1480;14227
1490;14230
1499;14232
1497;14235
1490;14237
1490;14240
1491;14242
1488;14245
1482;14247
1481;14251
1475;14253
1479;14255
1496;14258
1500;14260
1484;14263
1483;14265
1487;14268
1494;14270
1499;14273
1494;14275
1490;14278
1483;14280
1480;14282
1481;14285
1488;14287
1497;14290
1528;14292
1566;14296
1605;14298
1605;14301
1564;14303
1515;14306
1483;14308
1468;14311
1461;14313
1463;14315
1480;14318
1506;14320
1523;14323
1529;14325
1512;14328
1473;14330
1456;14333
1453;14336
1455;14339
1459;14341
1465;14343
1470;14346
1474;14348
1488;14351
1504;14353
1510;14356
1505;14358
1497;14361
1483;14363
1476;14366
1476;14368
1489;14370
1521;14373
1561;14375
1564;14379
1551;14381
1517;14384
1490;14386
1476;14389
1473;14391
1479;14394
1486;14396
1510;14399
1551;14401
1557;14403
1538;14406
1504;14408
1468;14411
1449;14413
1444;14416
1457;14418
1488;14422
1511;14424
1515;14427
1498;14429
1479;14431
1478;14434
1481;14436
1479;14439
1487;14441
1510;14444
1492;14446
1495;14449
1512;14451
1512;14454
1499;14456
1495;14458
1501;14461
1503;14464
1499;14467
1502;14469
1498;14472
1497;14474
1491;14477
1483;14479
1478;14482
1475;14484
1464;14486
1470;14489
1479;14491
1482;14494
1485;14496
1490;14499
1490;14501
1486;14504
1474;14507
1466;14510
1463;14512
1485;14515
1508;14517
1528;14519
1529;14522
1512;14524
1490;14527
1489;14529
1492;14532
1499;14534
1501;14537
1503;14539
1509;14542
1497;14544
1521;14546
1532;14550
1522;14552
1501;14555
1482;14557
1469;14560
1474;14562
1478;14565
1466;14567
1464;14570
1471;14572
1492;14574
1512;14577
1519;14579
1538;14582
1529;14584
1516;14587
1512;14589
1499;14593
1489;14595
1500;14598
1507;14600
1496;14603
1484;14605
1475;14607
1467;14610
1466;14612
1476;14615
1485;14617
1498;14620
1499;14622
1491;14625
1483;14627
1482;14630
1491;14632
1499;14635
1513;14638
1521;14640
1516;14643
1500;14645
1496;14648
1497;14650
1503;14653
1509;14655
1503;14658
1488;14660
1477;14662
1491;14665
1510;14667
1517;14670
1507;14672
1489;14675
1484;14678
1482;14681
1489;14683
1489;14686
1497;14688
1496;14690
1489;14693
1479;14695
1475;14698
1478;14700
1488;14703
1508;14705
1527;14708
1541;14710
1563;14713
1553;14715
1520;14718
1497;14721
1486;14723
1485;14726
1481;14728
1498;14731
1512;14733
1520;14736
1517;14738
1521;14741
1521;14743
1506;14746
1486;14748
1482;14750
1493;14753
1498;14755
1494;14758
1484;14760
1479;14764
1476;14766
1476;14769
1481;14771
1486;14774
1489;14776
1485;14778
1482;14781
1478;14783
1475;14786
1471;14788
1475;14791
1507;14793
1514;14796
1530;14798
1540;14801
1520;14803
1501;14807
1487;14809
1481;14811
1489;14814
1501;14816
1501;14819
1505;14821
1507;14824
1498;14826
1492;14829
1511;14831
1562;14834
1591;14836
1607;14838
1580;14841
1532;14843
1493;14846
1477;14849
1471;14852
1472;14854
1486;14857
1499;14859
1518;14862
1529;14864
1510;14866
1490;14869
1478;14871
1476;14874
1480;14876
1480;14879
1493;14881
1499;14884
1505;14886
1497;14889
1479;14892
1462;14894
1461;14897
1464;14899
1473;14902
1488;14904
1496;14907
1528;14909
1522;14912
1504;14914
1484;14917
1489;14919
1500;14922
1514;14924
1516;14926
1505;14929
1490;14931
1496;14935
1554;14937
1583;14940
1598;14942
1588;14945
1537;14947
1495;14950
1473;14952
1464;14954
1460;14957
1459;14959
1457;14962
1458;14964
1450;14967
1446;14969
1447;14972
1451;14974
1457;14978
1474;14980
1503;14982
1511;14985
1517;14987
1503;14990
1490;14992
1482;14995
1483;14997
1490;15000
1502;15002
1482;15005
1473;15007
1499;15010
1505;15012
1499;15014
1492;15017
1492;15020
1501;15023
1531;15025
1541;15028
1536;15030
1512;15033
1479;15035
1478;15038
1486;15040
1522;15042
1537;15045
1535;15047
1532;15050
1515;15052
1494;15055
1477;15057
1472;15060
1475;15063
1483;15066
1480;15068
1495;15070
1510;15073
1503;15075
1497;15078
1494;15080
1493;15083
1505;15085
1522;15088
1527;15090
1530;15093
1512;15095
1493;15098
1492;15100
1511;15102
1519;15106
1532;15108
1551;15111
1537;15113
1509;15116
1480;15118
1468;15121
1471;15123
1478;15126
1481;15128
1472;15130
1461;15133
1459;15135
1463;15138
1474;15140
1474;15143
1469;15145
1483;15149
1494;15151
1490;15154
1489;15156
1511;15158
1532;15161
1552;15163
1544;15166
1524;15168
1499;15171
1483;15173
1477;15176
1480;15178
1488;15181
1519;15183
1557;15185
1596;15188
1611;15191
1580;15194
1525;15196
1485;15199
1466;15201
1454;15204
1451;15206
1458;15209
1459;15211
1471;15214
1498;15216
1482;15218
1492;15221
1498;15223
1489;15226
1478;15228
1482;15232
1530;15234
1547;15237
1551;15239
1533;15242
1489;15244
1467;15246
1465;15249
1470;15251
1480;15254
1493;15256
1528;15259
1548;15261
1570;15264
1567;15266
1527;15269
1478;15271
1458;15273
1453;15277
1457;15279
1463;15282
1468;15284
1472;15287
1483;15289
1513;15292
1527;15294
1553;15297
1548;15299
1506;15302
1472;15304
1460;15306
1458;15309
1463;15311
1469;15314
1474;15316
1479;15320
1510;15322
1519;15325
1531;15327
1541;15330
1511;15332
1487;15334
1473;15337
1469;15339
1473;15342
1478;15344
1485;15347
1506;15349
1503;15352
1515;15354
1522;15357
1503;15360
1490;15362
1488;15365
1488;15367
1491;15370
1509;15372
1521;15375
1559;15377
1548;15380
1577;15382
1578;15385
1554;15387
1513;15390
1484;15392
1472;15394
1469;15397
1480;15399
1509;15403
1532;15405
1546;15408
1541;15410
1509;15413
1480;15415
1468;15418
1463;15420
1464;15422
1468;15425
1472;15427
1475;15430
1497;15432
1498;15435
1516;15437
1527;15440
1505;15442
1481;15446
1471;15448
1479;15450
1480;15453
1483;15455
1493;15458
1511;15460
1537;15463
1552;15465
1533;15468
1506;15470
1488;15473
1477;15475
1474;15478
1477;15480
1503;15482
1497;15485
1520;15488
1536;15491
1523;15493
1490;15496
1472;15498
1466;15501
1467;15503
1473;15506
1476;15508
1476;15510
1470;15513
1470;15515
1470;15518
1473;15520
1477;15523
1479;15525
1489;15528
1500;15531
1507;15534
1509;15536
1494;15538
1482;15541
1481;15543
1479;15546
1475;15548
1476;15551
1478;15553
1485;15556
1507;15558
1524;15561
1520;15563
1503;15565
1488;15568
1475;15570
1469;15574
1469;15576
1471;15579
1474;15581
1479;15584
1496;15586
1516;15589
1519;15591
1519;15594
1507;15596
1505;15598
1489;15601
1489;15603
1495;15606
1489;15608
1489;15611
1484;15613
1478;15617
1503;15619
1557;15622
1591;15624
1597;15626
1576;15629
1521;15631
1488;15634
1470;15636
1465;15639
1467;15641
1467;15644
1466;15646
1468;15649
1468;15651
1460;15653
1463;15656
1475;15659
1487;15662
1493;15664
1497;15667
1492;15669
1490;15672
1492;15674
1487;15677
1501;15679
1531;15682
1534;15684
1519;15686
1501;15689
1489;15691
1485;15694
1484;15696
1488;15699
1504;15702
1532;15705
1572;15707
1586;15710
1574;15712
1542;15714
1502;15717
1478;15719
1465;15722
1462;15724
1464;15727
1472;15729
1488;15732
1487;15734
1489;15737
1487;15739
1468;15741
1463;15745
1470;15747
1472;15750
1474;15752
1476;15755
1479;15757
1479;15760
1496;15762
1496;15765
1499;15767
1504;15769
1494;15772
1484;15774
1483;15777
1500;15779
1513;15782
1537;15784
1542;15788
1546;15790
1545;15793
1518;15795
1496;15798
1482;15800
1482;15802
1484;15805
1481;15807
1484;15810
1479;15812
1475;15815
1480;15817
1474;15820
1463;15822
1460;15825
1463;15827
1469;15830
1480;15833
1490;15835
1491;15838
1491;15840
1488;15843
1484;15845
1480;15848
1481;15850
1487;15853
1515;15855
1532;15857
1551;15860
1560;15862
1544;15865
1505;15867
1487;15870
1488;15873
1512;15876
1527;15878
1542;15881
1546;15883
1521;15886
1487;15888
1468;15890
1456;15893
1454;15895
1457;15898
1473;15900
1478;15903
1499;15905
1510;15908
1496;15910
1476;15913
1462;15916
1455;15918
1451;15921
1449;15923
1454;15926
1473;15928
1494;15931
1522;15933
1527;15936
1514;15938
1494;15941
1482;15943
1483;15945
1500;15948
1521;15950
1544;15953
1544;15955
1510;15959
1477;15961
1462;15964
1460;15966
1466;15969
1472;15971
1474;15974
1469;15976
1482;15978
1510;15981
1533;15983
1530;15986
1518;15988
1501;15991
1474;15993
1462;15996
1459;15998
1461;16002
1466;16004
1483;16006
1498;16009
1505;16011
1499;16014
1492;16016
1494;16019
1496;16021
1492;16024
1487;16026
1484;16029
1482;16031
1484;16033
1502;16036
1519;16038
1550;16041
1564;16044
1537;16047
1488;16049
1471;16052
1457;16054
1456;16057
1459;16059
1463;16062
1467;16064
1480;16066
1510;16069
1529;16071
1543;16074
1536;16076
1493;16079
1465;16081
1458;16084
1458;16087
1462;16090
1467;16092
1471;16094
1475;16097
1477;16099
1479;16102
1483;16104
1504;16107
1509;16109
1531;16112
1541;16114
1517;16117
1485;16119
1483;16121
1478;16124
1471;16126
1472;16130
1476;16132
1503;16135
1540;16137
1566;16140
1575;16142
1555;16145
1513;16147
1487;16150
1474;16152
1468;16154
1466;16157
1469;16159
1471;16162
1476;16164
1487;16167
1489;16169
1472;16173
1463;16175
1463;16178
1471;16180
1482;16182
1487;16185
1490;16187
1496;16190
1501;16192
1497;16195
1498;16197
1499;16200
1496;16202
1482;16205
1474;16207
1472;16209
1474;16212
1478;16215
1482;16218
1486;16220
1483;16223
1477;16225
1472;16228
1473;16230
1474;16233
1475;16235
1482;16238
1497;16240
1492;16242
1506;16245
1511;16247
1504;16250
1490;16252
1483;16256
1505;16258
1537;16261
1543;16263
1534;16266
1501;16268
1477;16270
1466;16273
1464;16275
1471;16278
1482;16280
1493;16283
1499;16285
1505;16288
1501;16290
1500;16293
1498;16295
1500;16297
1495;16301
1492;16303
1476;16306
1470;16308
1474;16311
1474;16313
1470;16316
1469;16318
1468;16321
1464;16323
1462;16325
1467;16328
1473;16330
1481;16333
1492;16335
1520;16338
1546;16340
1550;16344
1544;16346
1525;16349
1496;16351
1477;16354
1469;16356
1466;16358
1468;16361
1472;16363
1477;16366
1474;16368
1474;16371
1471;16373
1470;16376
1471;16378
1471;16381
1474;16384
1486;16386
1484;16389
1495;16391
1510;16394
1509;16396
1490;16399
1476;16401
1471;16404
1476;16406
1483;16409
1489;16411
1493;16413
1520;16416
1536;16418
1555;16421
1561;16423
1538;16427
1499;16429
1475;16432
1467;16434
1463;16437
1473;16439
1484;16442
1489;16444
1498;16446
1499;16449
1489;16451
1482;16454
1479;16456
1478;16459
1481;16461
