1497;1495
1497;1498
1497;1500
1496;1503
1495;1505
1495;1507
1495;1510
1495;1512
1496;1515
1497;1517
1497;1519
1498;1522
1498;1524
1498;1527
1498;1529
1497;1531
1496;1534
1495;1537
1495;1540
1496;1542
1498;1544
1499;1547
1499;1549
1501;1552
1505;1554
1507;1556
1508;1559
1508;1561
1505;1564
1503;1566
1500;1569
1497;1571
1497;1573
1498;1576
1498;1579
1498;1582
1497;1584
1496;1586
1496;1589
1496;1591
1497;1594
1498;1596
1498;1598
1498;1601
1499;1603
1499;1606
1499;1608
1499;1610
1499;1613
1500;1615
1499;1618
1499;1620
1499;1623
1499;1626
1500;1628
1501;1631
1502;1633
1503;1635
1505;1638
1505;1640
1502;1643
1501;1645
1500;1648
1499;1650
1499;1652
1499;1655
1499;1657
1499;1660
1499;1662
1499;1665
1499;1668
1498;1670
1498;1673
1498;1675
1498;1677
1499;1680
1499;1682
1499;1685
1500;1687
1500;1689
1500;1692
1500;1694
1500;1697
1500;1699
1500;1701
1500;1704
1500;1707
1501;1710
1501;1712
1502;1714
1503;1717
1502;1719
1503;1722
1507;1724
1509;1726
1508;1729
1506;1731
1504;1734
1503;1736
1502;1738
1501;1741
1500;1743
1499;1746
1498;1748
1496;1752
1497;1754
1499;1756
1500;1759
1502;1761
1504;1764
1505;1766
1505;1768
1505;1771
1505;1773
1503;1776
1502;1778
1501;1780
1501;1783
1496;1785
1492;1788
1496;1790
1498;1793
1498;1796
1497;1798
1496;1801
1496;1803
1495;1805
1495;1808
1495;1810
1495;1813
1496;1815
1496;1817
1496;1820
1496;1822
1495;1825
1495;1827
1495;1830
1496;1832
1496;1835
1497;1838
1497;1840
1497;1843
1497;1845
1498;1847
1498;1850
1498;1852
1498;1855
1498;1857
1497;1859
1497;1862
1497;1864
1498;1867
1498;1869
1497;1871
1497;1874
1499;1876
1503;1880
1505;1882
1506;1884
1505;1887
1504;1889
1502;1892
1500;1894
1499;1896
1499;1899
1499;1901
1499;1904
1501;1906
1501;1908
1502;1911
1503;1913
1505;1916
1503;1918
1502;1922
1501;1924
1500;1926
1499;1929
1499;1931
1499;1934
1499;1936
1498;1938
1499;1941
1499;1943
1500;1946
1499;1948
1499;1950
1499;1953
1500;1955
1500;1958
1501;1960
1501;1963
1501;1966
1501;1968
1500;1971
1500;1973
1500;1975
1501;1978
1502;1980
1504;1983
1505;1985
1505;1987
1505;1990
1505;1992
1504;1995
1504;1997
1506;2000
1505;2002
1507;2004
1509;2008
1509;2010
1507;2013
1505;2015
1502;2017
1501;2020
1500;2022
1499;2025
1498;2027
1496;2029
1495;2032
1495;2034
1495;2037
1496;2039
1497;2041
1498;2044
1499;2046
1500;2050
1502;2052
1502;2054
1502;2057
1502;2059
1501;2062
1501;2064
1501;2066
1501;2069
1501;2071
1501;2074
1501;2076
1501;2078
1501;2081
1501;2083
1502;2086
1502;2088
1503;2092
1503;2094
1503;2096
1504;2099
1504;2101
1503;2104
1502;2106
1503;2108
1504;2111
1503;2113
1502;2116
1501;2118
1501;2120
1500;2123
1500;2125
1499;2128
1499;2130
1499;2132
1499;2136
1500;2138
1501;2141
1502;2143
1501;2145
1500;2148
1499;2150
1498;2153
1498;2155
1497;2157
1497;2160
1496;2162
1496;2165
1496;2167
1496;2170
1496;2172
1497;2174
1498;2178
1499;2180
1499;2183
1500;2185
1500;2187
1500;2190
1501;2192
1502;2195
1501;2197
1501;2199
1500;2202
1500;2204
1501;2207
1502;2209
1500;2211
1497;2214
1496;2216
1495;2220
1495;2222
1495;2224
1495;2227
1494;2229
1494;2232
1494;2234
1494;2237
1494;2239
1494;2241
1493;2244
1492;2246
1492;2249
1492;2251
1491;2253
1491;2256
1491;2258
1491;2262
1491;2264
1491;2266
1491;2269
1491;2271
1491;2274
1490;2276
1490;2278
1489;2281
1490;2283
1490;2286
1491;2288
1491;2290
1491;2293
1493;2295
1495;2298
1496;2300
1498;2302
1497;2306
1497;2308
1495;2311
1494;2313
1493;2315
1493;2318
1493;2320
1493;2323
1493;2325
1493;2328
1493;2330
1493;2332
1493;2335
1494;2337
1494;2340
1495;2342
1495;2344
1494;2348
1494;2350
1495;2353
1496;2355
1496;2357
1496;2360
1496;2362
1497;2365
1496;2367
1496;2369
1495;2372
1495;2374
1497;2377
1498;2379
1498;2381
1499;2384
1499;2386
1499;2390
1499;2392
1500;2394
1500;2397
1500;2399
1501;2402
1501;2404
1501;2407
1500;2409
1499;2411
1499;2414
1499;2416
1498;2419
1498;2421
1498;2423
1498;2426
1498;2428
1498;2432
1498;2434
1498;2436
1496;2439
1498;2441
1499;2444
1501;2446
1502;2448
1503;2451
1502;2453
1502;2456
1501;2458
1499;2460
1496;2463
1495;2465
1493;2468
1493;2470
1494;2472
1495;2476
1496;2478
1497;2481
1497;2483
1501;2486
1503;2488
1501;2490
1501;2493
1502;2495
1502;2498
1501;2500
1500;2502
1499;2505
1499;2507
1500;2510
1500;2512
1499;2514
1498;2518
1495;2520
1492;2523
1491;2525
1491;2527
1493;2530
1496;2532
1499;2535
1501;2537
1501;2539
1502;2542
1504;2544
1504;2547
1503;2549
1503;2552
1502;2554
1503;2556
1503;2560
1503;2562
1507;2565
1509;2567
1510;2569
1509;2572
1506;2574
1505;2577
1504;2579
1505;2581
1506;2584
1507;2586
1509;2589
1512;2591
1508;2593
1506;2596
1512;2598
1517;2601
1519;2604
1520;2606
1521;2609
1521;2611
1524;2614
1528;2616
1530;2618
1529;2621
1529;2623
1527;2626
1527;2628
1529;2630
1533;2633
1537;2635
1544;2638
1548;2640
1553;2642
1548;2646
1546;2648
1548;2651
1551;2653
1553;2656
1556;2658
1560;2660
1562;2663
1564;2665
1563;2668
1565;2670
1570;2672
1574;2675
1578;2677
1580;2680
1580;2682
1579;2684
1578;2688
1577;2690
1576;2693
1582;2695
1585;2697
1587;2700
1589;2702
1592;2705
1595;2707
1598;2709
1603;2712
1611;2714
1613;2717
1607;2719
1593;2721
1594;2724
1597;2726
1601;2729
1604;2732
1605;2735
1606;2737
1609;2739
1611;2742
1611;2744
1609;2747
1609;2749
1606;2751
1603;2754
1598;2756
1592;2759
1588;2761
1586;2763
1585;2766
1590;2768
1586;2771
1580;2774
1587;2776
1585;2779
1579;2781
1571;2784
1567;2786
1563;2788
1559;2791
1557;2793
1558;2796
1562;2798
1557;2800
1551;2803
1543;2805
1539;2808
1535;2810
1534;2813
1533;2816
1533;2818
1529;2821
1509;2823
1508;2826
1516;2828
1521;2830
1523;2833
1520;2835
1518;2838
1524;2840
1526;2842
1524;2845
1520;2847
1517;2850
1515;2852
1513;2854
1518;2857
1519;2860
1516;2863
1509;2865
1499;2867
1490;2870
1484;2872
1490;2875
1496;2877
1493;2879
1490;2882
1489;2884
1487;2887
1482;2889
1479;2891
1474;2894
1474;2896
1475;2899
1469;2902
1461;2905
1455;2907
1453;2909
1454;2912
1460;2914
1473;2917
1459;2919
1456;2921
1461;2924
1464;2926
1461;2929
1462;2931
1465;2933
1477;2936
1477;2938
1481;2941
1481;2944
1475;2946
1471;2949
1470;2951
1468;2954
1467;2956
1467;2958
1463;2961
1458;2963
1454;2966
1455;2968
1455;2970
1465;2973
1467;2975
1470;2978
1472;2980
1469;2982
1461;2985
1457;2988
1453;2991
1450;2993
1451;2996
1450;2998
1446;3000
1443;3003
1449;3005
1453;3008
1450;3010
1441;3012
1442;3015
1445;3017
1445;3020
1444;3022
1442;3024
1449;3027
1456;3030
1466;3033
1483;3035
1485;3037
1471;3040
1460;3042
1451;3045
1446;3047
1442;3049
1439;3052
1435;3054
1434;3057
1428;3059
1428;3061
1429;3064
1435;3066
1442;3069
1445;3072
1447;3075
1445;3077
1447;3079
1450;3082
1452;3084
1449;3087
1450;3089
1454;3091
1455;3094
1448;3096
1440;3099
1429;3101
1429;3103
1423;3106
1425;3108
1439;3111
1452;3113
1466;3116
1473;3119
1473;3121
1470;3124
1461;3126
1459;3128
1455;3131
1450;3133
1448;3136
1448;3138
1454;3141
1467;3143
1464;3145
1457;3148
1454;3150
1457;3153
1459;3155
1457;3158
1455;3161
1461;3163
1466;3166
1464;3168
1459;3170
1458;3173
1457;3175
1455;3178
1455;3180
1455;3182
1459;3185
1463;3187
1461;3190
1456;3192
1453;3194
1453;3197
1453;3200
1456;3203
1459;3205
1462;3207
1462;3210
1465;3212
1454;3215
1453;3217
1461;3220
1471;3222
1475;3224
1483;3227
1486;3229
1482;3232
1478;3234
1475;3236
1485;3239
1487;3241
1490;3245
1471;3247
1464;3249
1467;3252
1468;3254
1471;3257
1469;3259
1469;3261
1469;3264
1467;3266
1463;3269
1475;3271
1487;3273
1492;3276
1493;3278
1488;3281
1488;3283
1489;3286
1489;3289
1490;3291
1486;3294
1480;3296
1477;3298
1476;3301
1480;3303
1480;3306
1483;3308
1499;3311
1504;3313
1499;3315
1488;3318
1474;3320
1471;3323
1471;3325
1474;3328
1477;3331
1487;3333
1480;3336
1475;3338
1475;3340
1480;3343
1478;3345
1473;3348
1470;3350
1470;3352
1470;3355
1470;3357
1475;3360
1484;3362
1489;3364
1477;3367
1471;3369
1472;3373
1477;3375
1475;3377
1473;3380
1466;3382
1467;3385
1486;3387
1495;3389
1499;3392
1494;3394
1485;3397
1480;3399
1476;3402
1478;3404
1480;3406
1475;3409
1473;3411
1471;3415
1467;3417
1470;3419
1478;3422
1476;3424
1476;3427
1473;3429
1468;3431
1465;3434
1465;3436
1468;3439
1464;3441
1462;3443
1464;3446
1464;3448
1467;3451
1469;3453
1470;3456
1471;3459
1473;3461
1477;3464
1481;3466
1490;3468
1483;3471
1494;3473
1496;3476
1494;3478
1490;3480
1485;3483
1482;3485
1477;3488
1475;3490
1475;3493
1482;3495
1485;3497
1501;3501
1495;3503
1490;3506
1487;3508
1481;3510
1477;3513
1474;3515
1472;3518
1473;3520
1469;3522
1465;3525
1463;3527
1466;3530
1465;3532
1469;3534
1472;3537
1471;3539
1473;3543
1473;3545
1474;3547
1477;3550
1461;3552
1463;3555
1470;3557
1474;3560
1476;3562
1490;3564
1500;3567
1502;3569
1510;3572
1499;3574
1500;3576
1496;3579
1497;3581
1494;3585
1489;3587
1482;3589
1480;3592
1479;3594
1482;3597
1484;3599
1485;3601
1483;3604
1479;3606
1478;3609
1475;3611
1473;3613
1474;3616
1482;3618
1494;3621
1484;3623
1482;3625
1481;3629
1481;3631
1479;3634
1480;3636
1483;3638
1478;3641
1474;3643
1474;3646
1476;3648
1476;3651
1477;3653
1482;3655
1485;3658
1490;3660
1497;3663
1488;3665
1486;3667
1488;3671
1492;3673
1492;3676
1489;3678
1487;3680
1488;3683
1495;3685
1500;3688
1496;3690
1488;3692
1484;3695
1483;3697
1481;3700
1480;3702
1480;3704
1479;3707
1478;3709
1478;3713
1479;3715
1483;3718
1482;3720
1480;3722
1479;3725
1476;3727
1475;3730
1455;3732
1447;3734
1459;3737
1469;3739
1476;3742
1479;3744
1481;3746
1485;3749
1487;3751
1490;3755
1492;3757
1487;3759
1482;3762
1481;3764
1482;3767
1483;3769
1484;3771
1486;3774
1500;3776
1528;3779
1528;3781
1521;3783
1504;3786
1490;3788
1479;3791
1476;3793
1477;3796
1479;3799
1479;3801
1490;3804
1497;3806
1507;3809
1487;3811
1497;3813
1505;3816
1506;3818
1500;3821
1496;3823
1497;3825
1498;3828
1512;3830
1509;3833
1502;3835
1501;3837
1495;3841
1489;3843
1491;3846
1495;3848
1498;3850
1495;3853
1492;3855
1490;3858
1498;3860
1514;3862
1509;3865
1501;3867
1491;3870
1483;3872
1479;3875
1483;3877
1477;3879
1486;3883
1492;3885
1489;3888
1480;3890
1484;3892
1486;3895
1487;3897
1495;3900
1499;3902
1514;3904
1508;3907
1501;3909
1490;3912
1483;3914
1481;3916
1480;3919
1486;3921
1492;3924
1494;3927
1495;3929
1488;3932
1482;3934
1473;3937
1469;3939
1468;3941
1469;3944
1473;3946
1480;3949
1486;3951
1492;3953
1503;3956
1497;3958
1484;3961
1472;3963
1479;3966
1484;3969
1485;3971
1485;3974
1486;3976
1490;3979
1501;3981
1497;3983
1491;3986
1486;3988
1479;3991
1477;3993
1480;3995
1484;3998
1487;4000
1489;4003
1503;4005
1518;4007
1530;4011
1532;4013
1521;4016
1513;4018
1504;4020
1498;4023
1497;4025
1495;4028
1494;4030
1505;4032
1506;4035
1502;4037
1508;4040
1508;4042
1498;4045
1496;4047
1494;4049
1491;4052
1490;4055
1476;4058
1474;4060
1479;4062
1483;4065
1488;4067
1493;4070
1495;4072
1497;4074
1500;4077
1499;4079
1498;4082
1496;4084
1493;4086
1500;4089
1510;4091
1514;4094
1515;4097
1513;4099
1513;4102
1521;4104
1527;4107
1531;4109
1531;4111
1527;4114
1519;4116
1506;4119
1497;4121
1494;4124
1493;4126
1496;4128
1499;4131
1502;4133
1503;4136
1507;4139
1514;4141
1514;4144
1511;4146
1507;4149
1491;4151
1484;4153
1484;4156
1486;4158
1495;4161
1505;4163
1513;4165
1517;4168
1525;4170
1528;4173
1528;4175
1520;4177
1514;4180
1511;4183
1514;4186
1522;4188
1519;4190
1522;4193
1526;4195
1518;4198
1507;4200
1500;4203
1499;4205
1500;4207
1506;4210
1500;4212
1499;4215
1503;4217
1506;4219
1504;4222
1501;4225
1513;4228
1519;4230
1522;4232
1525;4235
1525;4237
1524;4240
1527;4242
1534;4244
1527;4247
1532;4249
1533;4252
1525;4254
1517;4256
1516;4259
1507;4261
1503;4264
1501;4267
1500;4269
1504;4272
1512;4274
1522;4277
1540;4279
1545;4281
1531;4284
1523;4286
1516;4289
1508;4291
1505;4294
1506;4296
1527;4298
1530;4301
1513;4303
1518;4306
1517;4308
1511;4311
1510;4314
1506;4316
1504;4319
1501;4321
1499;4323
1504;4326
1506;4328
1506;4331
1504;4333
1504;4335
1502;4338
1499;4340
1499;4343
1498;4345
1494;4347
1487;4350
1486;4353
1492;4356
1501;4358
1506;4361
1513;4363
1513;4365
1512;4368
1507;4370
1500;4373
1498;4375
1499;4377
1502;4380
1503;4382
1506;4385
1505;4387
1504;4389
1502;4392
1500;4395
1499;4398
1502;4400
1502;4402
1503;4405
1504;4407
1512;4410
1523;4412
1514;4414
1517;4417
1522;4419
1518;4422
1505;4424
1495;4427
1491;4429
1490;4431
1493;4434
1501;4436
1510;4440
1516;4442
1515;4444
1511;4447
1504;4449
1501;4452
1496;4454
1495;4456
1494;4459
1491;4461
1496;4464
1506;4466
1502;4468
1501;4471
1498;4473
1498;4476
1499;4478
1500;4481
1496;4484
1492;4486
1487;4489
1487;4491
1491;4494
1500;4496
1502;4498
1507;4501
1510;4503
1508;4506
1510;4508
1509;4510
1502;4513
1500;4515
1504;4518
1494;4520
1491;4523
1487;4526
1484;4528
1480;4531
1481;4533
1486;4535
1499;4538
1514;4540
1511;4543
1508;4545
1508;4547
1503;4550
1498;4552
1495;4555
1494;4557
1498;4559
1501;4562
1501;4564
1503;4568
1501;4570
1496;4573
1489;4575
1486;4577
1486;4580
1488;4582
1491;4585
1500;4587
1511;4589
1521;4592
1522;4594
1522;4597
1518;4599
1508;4601
1499;4604
1494;4606
1495;4610
1495;4612
1497;4614
1499;4617
1496;4619
1491;4622
1490;4624
1485;4626
1475;4629
1468;4631
1466;4634
1473;4636
1479;4638
1488;4641
1502;4643
1504;4646
1506;4648
1508;4652
1507;4654
1507;4656
1500;4659
1500;4661
1517;4664
1527;4666
1526;4668
1518;4671
1510;4673
1496;4676
1493;4678
1501;4680
1503;4683
1507;4685
1548;4688
1568;4690
1563;4692
1542;4696
1519;4698
1503;4701
1495;4703
1486;4705
1499;4708
1499;4710
1485;4713
1474;4715
1472;4718
1474;4720
1475;4722
1473;4725
1473;4727
1473;4730
1474;4732
1475;4734
1475;4738
1480;4740
1495;4743
1503;4745
1504;4747
1497;4750
1487;4752
1479;4755
1475;4757
1473;4759
1487;4762
1497;4764
1511;4767
1525;4769
1529;4771
1512;4774
1498;4776
1475;4780
1460;4782
1472;4784
1491;4787
1498;4789
1497;4792
1485;4794
1474;4797
1471;4799
1485;4801
1479;4804
1470;4806
1471;4809
1481;4811
1487;4813
1499;4816
1493;4818
1479;4822
1467;4824
1467;4826
1470;4829
1472;4831
1476;4834
1481;4836
1516;4838
1575;4841
1567;4843
1552;4846
1529;4848
1502;4850
1484;4853
1475;4855
1465;4858
1460;4860
1462;4862
1456;4866
1457;4868
1460;4871
1470;4873
1476;4876
1478;4878
1484;4880
1506;4883
1523;4885
1528;4888
1518;4890
1498;4892
1482;4895
1473;4897
1489;4900
1502;4902
1510;4904
1512;4908
1506;4910
1485;4913
1502;4915
1529;4917
1532;4920
1532;4922
1525;4925
1491;4927
1470;4929
1463;4932
1462;4934
1469;4937
1515;4939
1547;4941
1535;4944
1506;4946
1485;4950
1467;4952
1458;4955
1455;4957
1479;4959
1498;4962
1486;4964
1470;4967
1460;4969
1458;4971
1457;4974
1458;4976
1462;4979
1468;4981
1476;4983
1474;4986
1464;4988
1461;4992
1466;4994
1473;4996
1489;4999
1510;5001
1513;5004
1510;5006
1505;5008
1489;5011
1480;5013
1472;5016
1466;5018
1461;5020
1459;5023
1463;5025
1470;5028
1490;5030
1520;5033
1557;5036
1555;5038
1522;5041
1495;5043
1472;5046
1465;5048
1461;5050
1460;5053
1454;5055
1471;5058
1480;5060
1488;5062
1493;5065
1525;5067
1532;5070
1530;5072
1519;5074
1502;5078
1486;5080
1487;5083
1506;5085
1528;5087
1534;5090
1522;5092
1499;5095
1479;5097
1466;5100
1461;5102
1460;5104
1460;5107
1462;5109
1455;5112
1455;5114
1452;5116
1454;5120
1460;5122
1466;5125
1469;5127
1475;5129
1488;5132
1504;5134
1504;5137
1505;5139
1526;5141
1538;5144
1525;5146
1510;5149
1497;5151
1495;5153
1494;5156
1504;5158
1503;5161
1507;5164
1515;5166
1510;5169
1513;5171
1509;5174
1497;5176
1486;5178
1478;5181
1477;5183
1475;5186
1474;5188
1476;5191
1482;5193
1484;5195
1499;5198
1491;5200
1484;5203
1482;5206
1492;5208
1493;5211
1486;5213
1481;5216
1481;5218
1480;5220
1482;5223
1497;5225
1514;5228
1522;5230
1520;5232
1509;5235
1495;5237
1488;5240
1487;5242
1493;5244
1501;5248
1514;5250
1581;5253
1570;5255
1550;5257
1530;5260
1505;5262
1491;5265
1487;5267
1482;5269
1487;5272
1487;5274
1486;5277
1488;5279
1487;5281
1484;5284
1482;5286
1480;5289
1481;5292
1486;5295
1488;5297
1493;5299
1504;5302
1510;5304
1504;5307
1498;5309
1497;5311
1495;5314
1497;5316
1499;5319
1499;5321
1495;5323
1497;5326
1506;5328
1515;5331
1505;5334
1500;5336
1497;5339
1496;5341
1499;5344
1514;5346
1537;5348
1529;5351
1511;5353
1500;5356
1492;5358
1492;5360
1495;5363
1491;5365
1488;5368
1484;5370
1481;5373
1492;5376
1496;5378
1499;5381
1501;5383
1494;5386
1494;5388
1493;5390
1496;5393
1497;5395
1517;5398
1538;5400
1566;5402
1557;5405
1550;5407
1539;5410
1512;5412
1492;5414
1482;5417
1476;5420
1475;5423
1477;5425
1490;5427
1506;5430
1508;5432
1503;5435
1488;5437
1478;5439
1476;5442
1481;5444
1485;5447
1500;5449
1516;5452
1521;5454
1516;5456
1504;5459
1499;5462
1498;5465
1499;5467
1507;5469
1515;5472
1522;5474
1537;5477
1537;5479
1527;5481
1513;5484
1498;5486
1492;5489
1495;5491
1492;5493
1488;5496
1486;5498
1481;5501
1486;5504
1507;5506
1529;5509
1519;5511
1506;5514
1498;5516
1492;5518
1488;5521
1487;5523
1481;5526
1484;5528
1489;5531
1487;5533
1482;5535
1478;5538
1485;5540
1496;5543
1508;5545
1516;5548
1517;5551
1507;5553
1503;5556
1507;5558
1525;5560
1532;5563
1529;5565
1521;5568
1502;5570
1485;5572
1479;5575
1479;5577
1490;5580
1493;5582
1495;5584
1500;5587
1497;5590
1492;5593
1492;5595
1491;5598
1491;5600
1499;5602
1519;5605
1520;5607
1511;5610
1496;5612
1483;5614
1481;5617
1483;5619
1492;5622
1497;5624
1515;5626
1532;5629
1531;5632
1517;5635
1511;5637
1503;5639
1498;5642
1492;5644
1493;5647
1491;5649
1485;5651
1495;5654
1506;5656
1512;5659
1519;5661
1511;5663
1495;5666
1485;5668
1483;5671
1484;5673
1499;5676
1501;5679
1502;5681
1497;5684
1491;5686
1488;5689
1486;5691
1488;5693
1491;5696
1501;5698
1500;5701
1495;5703
1497;5705
1506;5708
1511;5710
1509;5713
1505;5715
1495;5718
1504;5721
1507;5723
1500;5726
1491;5728
1482;5730
1475;5733
1477;5735
1480;5738
1486;5740
1493;5742
1499;5745
1505;5747
1500;5750
1490;5752
1484;5755
1486;5757
1495;5760
1506;5763
1515;5765
1513;5768
1511;5770
1488;5772
1491;5775
1497;5777
1497;5780
1500;5782
1500;5784
1529;5787
1557;5789
1561;5792
1558;5794
1537;5796
1511;5799
1494;5801
1487;5805
1484;5807
1490;5809
1488;5812
1473;5814
1461;5817
1459;5819
1463;5821
1470;5824
1478;5826
1475;5829
1478;5831
1478;5834
1478;5836
1482;5838
1488;5841
1502;5843
1512;5847
1543;5849
1543;5851
1521;5854
1504;5856
1495;5859
1491;5861
1490;5863
1503;5866
1514;5868
1528;5871
1526;5873
1527;5875
1521;5878
1505;5880
1494;5883
1482;5885
1473;5888
1474;5891
1477;5893
1482;5896
1488;5898
1500;5900
1511;5903
1512;5905
1506;5908
1497;5910
1485;5913
1483;5915
1479;5917
1482;5920
1485;5922
1492;5925
1495;5927
1495;5929
1490;5933
1485;5935
1483;5938
1485;5940
1489;5942
1497;5945
1503;5947
1496;5950
1526;5952
1550;5954
1542;5957
1535;5959
1513;5962
1499;5964
1490;5966
1487;5969
1488;5971
1492;5975
1498;5977
1503;5979
1509;5982
1505;5984
1502;5987
1497;5989
1494;5992
1492;5994
1491;5996
1491;5999
1496;6001
1511;6004
1502;6006
1491;6008
1483;6011
1484;6013
1484;6017
1491;6019
1495;6021
1494;6024
1502;6026
1519;6029
1526;6031
1523;6033
1512;6036
1502;6038
1498;6041
1493;6043
1491;6045
1490;6048
1487;6050
1486;6053
1495;6055
1509;6057
1531;6061
1526;6063
1513;6066
1503;6068
1493;6071
1489;6073
1496;6075
1507;6078
1511;6080
1525;6083
1528;6085
1515;6087
1510;6090
1509;6092
1504;6095
1497;6097
1496;6099
1495;6103
1494;6105
1498;6108
1506;6110
1515;6112
1514;6115
1506;6117
1501;6120
1496;6122
1496;6124
1496;6127
1498;6129
1513;6132
1521;6134
1515;6137
1509;6139
1505;6141
1507;6145
1527;6147
1534;6150
1532;6152
1525;6154
1512;6157
1504;6159
1499;6162
1498;6164
1506;6166
1527;6169
1531;6171
1524;6174
1509;6176
1499;6178
1497;6181
1496;6183
1495;6187
1494;6189
1487;6191
1480;6194
1482;6196
1496;6199
1509;6201
1512;6204
1521;6206
1538;6208
1553;6211
1553;6213
1522;6216
1509;6218
1500;6220
1501;6223
1498;6225
1516;6228
1519;6231
1531;6233
1538;6236
1524;6238
1509;6241
1498;6243
1497;6245
1494;6248
1494;6250
1495;6253
1496;6255
1498;6257
1499;6260
1498;6262
1494;6265
1494;6267
1494;6270
1497;6273
1503;6275
1508;6278
1522;6280
1536;6283
1534;6285
1518;6287
1507;6290
1500;6292
1499;6295
1504;6297
1514;6299
1512;6302
1505;6304
1501;6307
1499;6309
1497;6311
1494;6315
1496;6317
1505;6320
1517;6322
1528;6324
1528;6327
1527;6329
1517;6332
1507;6334
1500;6337
1496;6339
1496;6341
1496;6344
1498;6346
1503;6349
1510;6351
1508;6353
1499;6356
1490;6359
1484;6362
1485;6364
1490;6366
1495;6369
1500;6371
1511;6374
1525;6376
1546;6378
1553;6381
1538;6383
1510;6386
1497;6388
1498;6390
1495;6393
1498;6395
1507;6398
1519;6401
1528;6404
1521;6406
1508;6408
1504;6411
1501;6413
1498;6416
1502;6418
1497;6420
1491;6423
1488;6425
1487;6428
1489;6430
1493;6432
1498;6435
1506;6437
1509;6440
1505;6443
1501;6445
1488;6448
1494;6450
1506;6453
1509;6455
1505;6457
1507;6460
1511;6462
1508;6465
1507;6467
1509;6469
1508;6472
1511;6474
1510;6477
1519;6479
1521;6481
1535;6484
1526;6487
1511;6490
1495;6492
1489;6494
1488;6497
1489;6499
1501;6502
1538;6504
1572;6507
1570;6509
1548;6511
1521;6514
1500;6516
1490;6519
1487;6521
1484;6523
1479;6526
1472;6529
1466;6532
1466;6534
1476;6536
1499;6539
1514;6541
1514;6544
1512;6546
1505;6548
1496;6551
1497;6553
1527;6556
1540;6558
1540;6560
1526;6563
1499;6565
1489;6568
1485;6571
1486;6573
1485;6576
1486;6578
1483;6581
1478;6583
1474;6586
1479;6588
1491;6590
1494;6593
1490;6595
1486;6598
1486;6600
1486;6602
1491;6605
1509;6607
1521;6610
1531;6612
1536;6615
1522;6618
1499;6620
1487;6623
1490;6625
1490;6627
1505;6630
1512;6632
1513;6635
1539;6637
1560;6639
1570;6642
1561;6644
1540;6647
1527;6649
1519;6651
1505;6654
1490;6657
1473;6660
1472;6662
1484;6664
1500;6667
1510;6669
1510;6672
1503;6674
1499;6677
1498;6679
1496;6681
1513;6684
1531;6686
1524;6689
1512;6691
1494;6693
1482;6696
1473;6699
1485;6702
1497;6704
1501;6706
1502;6709
1517;6711
1516;6714
1513;6716
1501;6718
1484;6721
1480;6723
1483;6726
1491;6728
1500;6730
1515;6733
1528;6735
1524;6738
1505;6740
1499;6743
1489;6746
1485;6748
1485;6751
1489;6753
1499;6756
1524;6758
1548;6760
1545;6763
1539;6765
1526;6768
1511;6770
1502;6772
1494;6775
1491;6777
1492;6780
1493;6782
1506;6785
1520;6788
1515;6790
1502;6793
1494;6795
1487;6797
1487;6800
1492;6802
1494;6805
1508;6807
1503;6809
1521;6812
1529;6814
1522;6817
1510;6819
1503;6821
1496;6824
1495;6827
1495;6830
1499;6832
1519;6835
1543;6837
1553;6839
1539;6842
1524;6844
1506;6847
1500;6849
1497;6851
1496;6854
1501;6856
1503;6859
1499;6861
1496;6863
1495;6866
1492;6868
1493;6872
1495;6874
1497;6876
1500;6879
1504;6881
1496;6884
1487;6886
1473;6888
1480;6891
1492;6893
1499;6896
1502;6898
1506;6900
1514;6903
1526;6905
1537;6908
1534;6910
1522;6914
1508;6916
1500;6918
1496;6921
1496;6923
1500;6926
1503;6928
1502;6930
1516;6933
1531;6935
1527;6938
1520;6940
1509;6942
1495;6945
1488;6947
1487;6950
1493;6952
1503;6955
1513;6958
1506;6960
1508;6963
1507;6965
1504;6967
1499;6970
1498;6972
1495;6975
1492;6977
1491;6980
1509;6982
1517;6984
1518;6987
1516;6989
1505;6992
1489;6994
1483;6996
1481;7000
1482;7002
1483;7005
1488;7007
1503;7009
1516;7012
1523;7014
1517;7017
1503;7019
1488;7021
1482;7024
1479;7026
1481;7029
1505;7031
1500;7033
1500;7036
1500;7038
1491;7042
1483;7044
1480;7046
1480;7049
1489;7051
1498;7054
1497;7056
1492;7059
1485;7061
1480;7063
1480;7066
1488;7068
1497;7071
1505;7073
1501;7075
1496;7078
1489;7080
1488;7084
1497;7086
1505;7088
1513;7091
1506;7093
1491;7096
1483;7098
1479;7100
1479;7103
1492;7105
1507;7108
1511;7110
1510;7112
1505;7115
1492;7117
1484;7120
1482;7122
1482;7126
1482;7128
1484;7130
1515;7133
1518;7135
1511;7138
1501;7140
1488;7142
1477;7145
1475;7147
1486;7150
1498;7152
1496;7154
1494;7157
1491;7159
1489;7162
1491;7164
1488;7166
1490;7170
1494;7172
1493;7175
1487;7177
1480;7179
1477;7182
1473;7184
1467;7187
1468;7189
1473;7191
1491;7194
1502;7196
1499;7199
1494;7201
1492;7204
1483;7206
1479;7208
1488;7212
1503;7214
1508;7217
1500;7219
1488;7221
1477;7224
1475;7226
1475;7229
1475;7231
1476;7233
1479;7236
1485;7238
1483;7241
1505;7243
1502;7245
1497;7248
1492;7250
1485;7254
1479;7256
1480;7258
1482;7261
1482;7263
1481;7266
1488;7268
1495;7271
1494;7273
1489;7275
1484;7278
1483;7280
1486;7283
1485;7285
1482;7287
1481;7290
1484;7292
1502;7296
1514;7298
1521;7300
1517;7303
1495;7305
1481;7308
1478;7310
1490;7312
1506;7315
1502;7317
1497;7320
1489;7322
1484;7324
1484;7327
1481;7329
1478;7332
1476;7334
1479;7337
1481;7340
1492;7342
1508;7345
1525;7347
1523;7350
1509;7352
1493;7354
1487;7357
1482;7359
1479;7362
1481;7364
1481;7366
1483;7369
1497;7371
1500;7374
1494;7376
1489;7378
1489;7382
1502;7384
1509;7387
1511;7389
1505;7391
1505;7394
1505;7396
1507;7399
1499;7401
1489;7403
1482;7406
1480;7408
1482;7411
1491;7413
1500;7416
1496;7418
1490;7420
1486;7424
1486;7426
1492;7429
1492;7431
1494;7433
1492;7436
1487;7438
1485;7441
1488;7443
1491;7445
1512;7448
1544;7450
1557;7453
1557;7455
1543;7457
1516;7460
1501;7462
1493;7465
1498;7468
1495;7470
1479;7473
1474;7475
1473;7478
1475;7480
1481;7483
1484;7485
1488;7487
1493;7490
1507;7492
1529;7495
1544;7497
1535;7499
1517;7502
1495;7504
1487;7507
1486;7510
1486;7512
1488;7515
1490;7517
1495;7520
1483;7522
1471;7524
1467;7527
1469;7529
1479;7532
1490;7534
1511;7536
1522;7539
1562;7541
1567;7544
1548;7546
1535;7549
1511;7552
1494;7554
1490;7557
1489;7559
1478;7562
1481;7564
1477;7566
1469;7569
1465;7571
1470;7574
1479;7576
1487;7578
1495;7581
1517;7583
1538;7586
1539;7588
1533;7590
1522;7593
1501;7596
1491;7599
1493;7601
1504;7603
1531;7606
1556;7608
1554;7611
1548;7613
1528;7616
1508;7618
1497;7620
1489;7623
1489;7625
1491;7628
1490;7630
1495;7632
1492;7635
1487;7638
1487;7641
1490;7643
1496;7645
1494;7648
1493;7650
1489;7653
1494;7655
1498;7657
1510;7660
1518;7662
1527;7665
1533;7667
1519;7669
1503;7672
1496;7674
1486;7677
1484;7680
1496;7683
1524;7685
1524;7687
1517;7690
1506;7692
1486;7695
1480;7697
1483;7699
1494;7702
1496;7704
1490;7707
1479;7709
1471;7711
1473;7714
1480;7716
1485;7719
1494;7721
1502;7724
1502;7727
1498;7729
1490;7732
1487;7734
1488;7736
1490;7739
1490;7741
1495;7744
1527;7746
1553;7748
1543;7751
1527;7753
1504;7756
1489;7758
1483;7761
1480;7763
1480;7766
1482;7769
1501;7771
1499;7774
1492;7776
1482;7778
1473;7781
1468;7783
1470;7786
1477;7788
1471;7790
1478;7793
1489;7795
1496;7798
1498;7800
1498;7802
1496;7805
1499;7808
1504;7811
1504;7813
1500;7815
1490;7818
1484;7820
1486;7823
1521;7825
1541;7827
1554;7830
1545;7832
1518;7835
1491;7837
1479;7840
1470;7842
1469;7844
1471;7847
1474;7849
1474;7853
1473;7855
1467;7857
1468;7860
1469;7862
1470;7865
1468;7867
1476;7869
1488;7872
1503;7874
1516;7877
1532;7879
1533;7881
1519;7884
1499;7886
1483;7889
1478;7891
1472;7894
1472;7897
1475;7899
1475;7902
1477;7904
1483;7907
1494;7909
1498;7911
1498;7914
1495;7916
1488;7919
1497;7921
1508;7923
1513;7926
1510;7928
1497;7931
1488;7933
1482;7936
1481;7939
1491;7941
1501;7944
1493;7946
1479;7948
1465;7951
1461;7953
1465;7956
1471;7958
1481;7960
1503;7963
1515;7965
1517;7968
1519;7970
1503;7973
1486;7975
1482;7977
1481;7981
1483;7983
1483;7986
1489;7988
1514;7990
1518;7993
1504;7995
1495;7998
1485;8000
1476;8002
1470;8005
1468;8007
1479;8010
1485;8012
1489;8014
1489;8017
1489;8019
1486;8023
1487;8025
1489;8027
1487;8030
1486;8032
1483;8035
1489;8037
1489;8039
1506;8042
1517;8044
1521;8047
1511;8049
1502;8051
1494;8054
1492;8056
1494;8059
1497;8061
1505;8065
1518;8067
1526;8069
1519;8072
1508;8074
1502;8077
1498;8079
1492;8081
1492;8084
1503;8086
1503;8089
1495;8091
1497;8093
1493;8096
1486;8098
1485;8101
1486;8103
1490;8105
1494;8109
1496;8111
1495;8114
1495;8116
1507;8118
1525;8121
1526;8123
1520;8126
1507;8128
1494;8130
1493;8133
1498;8135
1500;8138
1501;8140
1499;8142
1499;8145
1495;8147
1494;8151
1496;8153
1506;8156
1543;8158
1552;8160
1556;8163
1547;8165
1528;8168
1510;8170
1499;8172
1492;8175
1492;8177
1493;8180
1486;8182
1477;8184
1472;8187
1474;8189
1482;8193
1494;8195
1505;8197
1518;8200
1544;8202
1546;8205
1551;8207
1538;8209
1513;8212
1497;8214
1492;8217
1491;8219
1493;8222
1515;8224
1532;8226
1535;8229
1535;8231
1527;8235
1503;8237
1489;8239
1485;8242
1486;8244
1499;8247
1507;8249
1509;8251
1508;8254
1496;8256
1481;8259
1479;8261
1481;8263
1496;8266
1513;8268
1520;8271
1511;8273
1507;8275
1503;8279
1500;8281
1492;8284
1491;8286
1487;8288
1492;8291
1496;8293
1499;8296
1497;8298
1498;8301
1520;8303
1537;8305
1532;8308
1519;8310
1502;8313
1483;8315
1482;8317
1481;8321
1482;8323
1489;8326
1500;8328
1500;8330
1507;8333
1509;8335
1506;8338
1501;8340
1490;8342
1487;8345
1488;8347
1494;8350
1513;8352
1516;8354
1504;8357
1499;8359
1490;8363
1480;8365
1480;8367
1484;8370
1494;8372
1505;8375
1505;8377
1496;8379
1484;8382
1481;8384
1483;8387
1485;8389
1487;8392
1487;8394
1491;8396
1504;8399
1516;8401
1506;8404
1495;8407
1490;8409
1488;8412
1489;8414
1489;8417
1488;8419
1488;8421
1489;8424
1498;8426
1502;8429
1500;8431
1490;8433
1479;8436
1472;8438
1477;8441
1474;8443
1479;8445
1489;8449
1509;8451
1517;8454
1514;8456
1513;8459
1516;8461
1508;8463
1500;8466
1491;8468
1486;8471
1484;8473
1483;8475
1486;8478
1492;8480
1507;8483
1515;8485
1506;8487
1500;8491
1491;8493
1483;8496
1483;8498
1482;8500
1501;8503
1502;8505
1496;8508
1497;8510
1484;8512
1472;8515
1468;8517
1471;8520
1474;8522
1478;8524
1486;8527
1500;8529
1517;8532
1518;8535
1504;8538
1490;8540
1478;8542
1473;8545
1473;8547
1476;8550
1481;8552
1495;8554
1510;8557
1515;8559
1493;8562
1475;8564
1476;8566
1481;8569
1484;8571
1484;8574
1501;8577
1524;8579
1532;8582
1530;8584
1509;8587
1483;8589
1473;8591
1470;8594
1469;8596
1469;8599
1470;8601
1479;8603
1485;8606
1474;8608
1466;8611
1460;8613
1459;8616
1467;8619
1470;8621
1477;8624
1494;8626
1521;8629
1529;8631
1516;8633
1484;8636
1466;8638
1461;8641
1467;8643
1471;8645
1497;8648
1544;8650
1551;8653
1531;8655
1507;8657
1483;8660
1476;8663
1475;8666
1475;8668
1475;8670
1475;8673
1476;8675
1488;8678
1492;8680
1499;8683
1495;8685
1486;8687
1472;8690
1470;8692
1473;8695
1479;8697
1494;8699
1509;8702
1497;8705
1481;8708
1467;8710
1465;8712
1468;8715
1473;8717
1477;8720
1495;8722
1516;8724
1526;8727
1523;8729
1505;8732
1493;8734
1493;8736
1494;8739
1489;8741
1496;8744
1498;8747
1493;8749
1492;8752
1491;8754
1490;8757
1487;8759
1488;8762
1485;8764
1482;8766
1484;8769
1510;8771
1523;8774
1524;8776
1524;8778
1511;8781
1496;8783
1491;8786
1507;8788
1499;8791
1494;8794
1493;8796
1491;8799
1501;8801
1513;8803
1527;8806
1510;8808
1504;8811
1496;8813
1487;8815
1489;8818
1499;8820
1527;8823
1529;8825
1522;8828
1514;8830
1496;8833
1487;8836
1484;8838
1479;8841
1494;8843
1526;8845
1546;8848
1532;8850
1537;8853
1518;8855
1487;8857
1464;8860
1470;8862
1490;8865
1526;8867
1545;8869
1533;8872
1507;8875
1484;8878
1473;8880
1464;8882
1450;8885
1442;8887
1442;8890
1447;8892
1458;8894
1478;8897
1467;8899
1482;8902
1490;8904
1465;8907
1444;8909
1437;8911
1439;8914
1444;8916
1456;8920
1493;8922
1525;8924
1540;8927
1517;8929
1475;8932
1448;8934
1442;8936
1449;8939
1459;8941
1478;8944
1493;8946
1504;8948
1508;8951
1505;8953
1479;8956
1456;8958
1454;8961
1462;8964
1469;8966
1477;8969
1497;8971
1504;8973
1504;8976
1487;8978
1463;8981
1453;8983
1450;8986
1465;8988
1490;8990
1509;8993
1501;8995
1493;8998
1499;9000
1514;9003
1513;9006
1497;9008
1472;9011
1461;9013
1460;9015
1463;9018
1470;9020
1497;9023
1529;9025
1547;9027
1524;9030
1487;9032
1473;9035
1467;9037
1465;9039
1469;9042
1470;9044
1472;9048
1473;9050
1478;9052
1488;9055
1510;9057
1500;9060
1496;9062
1488;9065
1488;9067
1487;9069
1481;9072
1480;9074
1469;9077
1473;9079
1490;9081
1505;9084
1494;9086
1479;9090
1462;9092
1458;9094
1461;9097
1467;9099
1478;9102
1503;9104
1524;9106
1531;9109
1527;9111
1511;9114
1507;9116
1533;9118
1540;9121
1531;9123
1512;9126
1490;9128
1474;9132
1466;9134
1464;9136
1466;9139
1482;9141
1522;9144
1525;9146
1519;9148
1495;9151
1474;9153
1463;9156
1460;9158
1461;9160
1464;9163
1469;9165
1482;9168
1490;9170
1490;9172
1488;9176
1477;9178
1471;9181
1481;9183
1503;9185
1503;9188
1490;9190
1481;9193
1478;9195
1480;9198
1490;9200
1510;9202
1542;9205
1570;9207
1527;9210
1506;9212
1490;9214
1475;9218
1464;9220
1459;9223
1459;9225
1463;9227
1492;9230
1506;9232
1514;9235
1506;9237
1487;9239
1470;9242
1466;9244
1465;9247
1471;9249
1487;9251
1493;9254
1490;9256
1481;9260
1475;9262
1479;9265
1482;9267
1488;9269
1494;9272
1505;9274
1514;9277
1513;9279
1508;9281
1494;9284
1483;9286
1482;9289
1487;9291
1485;9293
1481;9296
1487;9298
1489;9302
1480;9304
1478;9306
1475;9309
1481;9311
1493;9314
1493;9316
1484;9318
1478;9321
1474;9323
1475;9326
1477;9328
1490;9331
1495;9333
1522;9335
1572;9338
1602;9340
1591;9344
1548;9346
1496;9348
1475;9351
1461;9353
1460;9356
1460;9358
1462;9360
1479;9363
1508;9365
1509;9368
1499;9370
1477;9372
1457;9375
1455;9377
1466;9380
1475;9382
1474;9384
1471;9388
1477;9390
1492;9393
1510;9395
1517;9398
1510;9400
1495;9402
1483;9405
1477;9407
1476;9410
1476;9412
1481;9414
1495;9417
1506;9419
1518;9422
1517;9424
1509;9426
1498;9430
1484;9432
1478;9435
1476;9437
1481;9439
1499;9442
1540;9444
1548;9447
1553;9449
1537;9451
1496;9454
1476;9456
1467;9459
1466;9461
1467;9464
1469;9466
1482;9468
1496;9472
1518;9474
1517;9477
1504;9479
1480;9481
1468;9484
1468;9486
1469;9489
1471;9491
1474;9493
1492;9496
1524;9498
1536;9501
1536;9503
1515;9505
1494;9508
1470;9510
1466;9513
1468;9516
1474;9518
1503;9521
1494;9523
1484;9526
1480;9528
1470;9531
1467;9533
1470;9535
1474;9538
1476;9540
1479;9543
1482;9545
1483;9547
1486;9550
1488;9552
1489;9555
1489;9558
1485;9560
1485;9563
1484;9565
1486;9568
1503;9570
1516;9572
1523;9575
1523;9577
1505;9580
1491;9582
1489;9584
1491;9587
1493;9589
1491;9592
1494;9594
1505;9597
1523;9600
1533;9602
1536;9605
1525;9607
1511;9610
1493;9612
1483;9614
1473;9617
1468;9619
1469;9622
1475;9624
1490;9626
1503;9629
1509;9631
1516;9634
1518;9636
1509;9638
1495;9641
1490;9644
1491;9647
1497;9649
1497;9651
1489;9654
1488;9656
1504;9659
1513;9661
1517;9663
1511;9666
1505;9668
1504;9671
1517;9673
1519;9676
1533;9678
1530;9680
1508;9683
1492;9686
1485;9689
1483;9691
1483;9693
1483;9696
1483;9698
1485;9701
1496;9703
1513;9705
1518;9708
1524;9710
1518;9713
1500;9715
1487;9717
1483;9720
1481;9722
1485;9725
1490;9728
1492;9730
1476;9733
1475;9735
1479;9738
1482;9740
1485;9742
1489;9745
1496;9747
1513;9750
1529;9752
1548;9755
1553;9757
1523;9759
1506;9762
1495;9764
1490;9767
1493;9769
1498;9772
1531;9775
1531;9777
1534;9780
1528;9782
1508;9784
1492;9787
1486;9789
1481;9792
1484;9794
1498;9796
1503;9799
1502;9801
1500;9804
1479;9806
1475;9808
1481;9811
1485;9814
1494;9817
1503;9819
1536;9822
1536;9824
1526;9826
1513;9829
1494;9831
1488;9834
1484;9836
1480;9838
1483;9841
1488;9843
1493;9846
1501;9848
1503;9850
1508;9853
1528;9856
1524;9859
1519;9861
1508;9863
1494;9866
1486;9868
1485;9871
1493;9873
1506;9875
1512;9878
1513;9880
1508;9883
1497;9885
1492;9888
1489;9890
1493;9892
1495;9895
1496;9897
1498;9901
1494;9903
1501;9905
1506;9908
1505;9910
1503;9913
1507;9915
1517;9917
1517;9920
1507;9922
1496;9925
1486;9927
1485;9929
1489;9932
1501;9934
1519;9937
1524;9939
1527;9942
1514;9945
1507;9947
1496;9950
1487;9952
1482;9955
1483;9957
1490;9959
1498;9962
1504;9964
1500;9967
1503;9969
1498;9971
1487;9974
1483;9976
1482;9979
1486;9981
1494;9984
1491;9987
1501;9989
1505;9992
1497;9994
1490;9996
1487;9999
1486;10001
1489;10004
1497;10006
1533;10009
1575;10011
1589;10014
1577;10016
1547;10018
1507;10021
1488;10023
1481;10027
1481;10029
1482;10032
1482;10034
1485;10037
1518;10039
1523;10042
1530;10044
1539;10046
1514;10049
1485;10051
1475;10054
1475;10056
1478;10059
1480;10061
1482;10064
1486;10066
1534;10070
1554;10072
1545;10075
1541;10077
1508;10079
1477;10082
1468;10084
1466;10087
1466;10089
1467;10092
1470;10094
1480;10097
1526;10099
1561;10102
1562;10104
1556;10106
1525;10109
1499;10112
1485;10115
1477;10117
1473;10120
1472;10122
1474;10125
1468;10127
1466;10130
1472;10132
1485;10134
1501;10137
1513;10139
1515;10142
1513;10144
1503;10147
1498;10149
1518;10152
1532;10155
1518;10158
1507;10160
1491;10162
1479;10165
1482;10167
1487;10170
1492;10172
1497;10175
1503;10177
1520;10180
1514;10182
1526;10185
1531;10187
1517;10190
1506;10192
1507;10194
1522;10198
1523;10200
1520;10203
1507;10205
1498;10208
1492;10210
1491;10213
1489;10215
1505;10218
1511;10220
1518;10222
1520;10225
1512;10227
1508;10230
1503;10232
1498;10235
1497;10237
1500;10241
1499;10243
1497;10246
1495;10248
1504;10250
1502;10253
1504;10255
1505;10258
1515;10260
1519;10263
1528;10265
1547;10268
1551;10270
1556;10273
1547;10275
1537;10278
1529;10280
1519;10283
1518;10286
1528;10288
1531;10291
1524;10293
1518;10296
1520;10298
1521;10301
1525;10303
1522;10306
1515;10308
1513;10310
1508;10313
1510;10315
1512;10318
1520;10320
1510;10323
1505;10326
1504;10329
1513;10331
1521;10334
1534;10336
1560;10338
1580;10341
1582;10343
1579;10346
1553;10348
1525;10351
1520;10353
1523;10356
1524;10358
1533;10361
1538;10363
1551;10366
1542;10369
1538;10371
1530;10374
1520;10376
1521;10379
1526;10381
1533;10384
1552;10386
1571;10389
1562;10391
1540;10394
1517;10396
1505;10398
1502;10401
1505;10403
1510;10406
1536;10408
1547;10412
1540;10414
1529;10417
1521;10419
1518;10422
1515;10424
1515;10426
1518;10429
1519;10431
1506;10434
1512;10436
1515;10439
1512;10441
1517;10444
1513;10446
1519;10449
1524;10451
1524;10454
1520;10457
1515;10459
1512;10462
1511;10464
1513;10467
1514;10469
1519;10472
1522;10474
1517;10477
1511;10479
1512;10482
1515;10484
1513;10486
1507;10489
1500;10491
1492;10494
1498;10497
1503;10500
1511;10502
1520;10505
1519;10507
1499;10510
1489;10512
1496;10514
1508;10517
1509;10519
1509;10522
1507;10524
1509;10527
1517;10529
1526;10532
1526;10534
1519;10537
1500;10540
1487;10542
1487;10545
1488;10547
1490;10550
1494;10552
1503;10555
1500;10557
1499;10560
1496;10562
1489;10565
1487;10567
1487;10569
1479;10572
1478;10574
1484;10577
1478;10579
1482;10583
1490;10585
1488;10588
1486;10590
1496;10593
1525;10595
1523;10598
1516;10600
1495;10602
1477;10605
1468;10607
1467;10610
1474;10612
1467;10615
1483;10617
1489;10620
1486;10622
1477;10626
1466;10628
1466;10630
1474;10633
1482;10635
1533;10638
1562;10640
1560;10643
1529;10645
1487;10648
1466;10650
1456;10653
1453;10655
1458;10657
1455;10660
1453;10662
1453;10665
1446;10668
1440;10671
1445;10673
1454;10676
1451;10678
1447;10681
1440;10683
1433;10686
1435;10688
1441;10690
1447;10693
1452;10695
1454;10698
1477;10700
1508;10703
1508;10705
1488;10708
1457;10711
1441;10714
1438;10716
1439;10718
1442;10721
1451;10723
1460;10726
1468;10728
1468;10731
1463;10733
1455;10736
1452;10738
1453;10741
1447;10743
1438;10745
1430;10748
1424;10750
1433;10754
1445;10756
1456;10759
1467;10761
1464;10764
1454;10766
1450;10769
1450;10771
1449;10773
1452;10776
1456;10778
1468;10781
1485;10783
1505;10786
1520;10788
1525;10791
1509;10793
1481;10797
1460;10799
1451;10802
1448;10804
1448;10806
1449;10809
1454;10811
1450;10814
1472;10816
1485;10819
1487;10821
1476;10824
1460;10826
1453;10829
1443;10831
1437;10833
1441;10836
1446;10839
1448;10842
1448;10844
1451;10847
1453;10849
1460;10852
1464;10854
1478;10857
1484;10859
1485;10861
1484;10864
1467;10866
1466;10869
1469;10871
1471;10874
1472;10876
1479;10880
1489;10882
1482;10885
1471;10887
1464;10890
1454;10892
1454;10894
1462;10897
1469;10899
1488;10902
1500;10904
1497;10907
1487;10909
1474;10912
1457;10914
1461;10917
1474;10919
1476;10921
1484;10925
1506;10927
1513;10930
1502;10932
1497;10935
1489;10937
1483;10940
1483;10942
1485;10945
1481;10947
1470;10949
1463;10952
1464;10954
1479;10957
1483;10959
1490;10962
1502;10964
1505;10968
1498;10970
1506;10973
1501;10975
1491;10977
1482;10980
1466;10982
1456;10985
1463;10987
1470;10990
1480;10992
1502;10995
1521;10997
1520;11000
1511;11002
1496;11005
1473;11008
1464;11010
1451;11013
1457;11015
1478;11018
1471;11020
1469;11023
1468;11025
1470;11028
1466;11030
1470;11033
1473;11035
1476;11037
1485;11040
1529;11042
1557;11045
1551;11047
1536;11051
1494;11053
1463;11056
1458;11058
1458;11061
1454;11063
1457;11065
1458;11068
1453;11070
1450;11073
1456;11075
1460;11078
1468;11080
1478;11083
1499;11085
1510;11088
1518;11090
1513;11094
1502;11096
1501;11098
1503;11101
1508;11103
1516;11106
1507;11108
1488;11111
1468;11113
1460;11116
1459;11118
1464;11121
1472;11123
1488;11125
1480;11128
1483;11130
1485;11133
1482;11136
1482;11139
1485;11141
1491;11144
1496;11146
1502;11149
1513;11151
1517;11153
1508;11156
1500;11158
1489;11161
1482;11163
1483;11166
1486;11168
1490;11171
1495;11173
1503;11176
1511;11179
1507;11182
1498;11184
1488;11186
1485;11189
1491;11191
1497;11194
1500;11196
1500;11199
1497;11201
1489;11204
1496;11206
1506;11209
1513;11211
1511;11213
1512;11216
1514;11218
1514;11222
1515;11224
1543;11227
1558;11229
1540;11232
1522;11234
1502;11237
1487;11239
1479;11241
1475;11244
1476;11246
1475;11249
1474;11251
1479;11254
1490;11256
1496;11259
1507;11261
1513;11265
1506;11267
1512;11269
1514;11272
1515;11274
1506;11277
1497;11279
1495;11282
1495;11284
1491;11287
1507;11289
1524;11292
1535;11294
1524;11297
1501;11299
1483;11301
1478;11304
1480;11307
1489;11310
1506;11312
1502;11315
1507;11317
1505;11320
1489;11322
1479;11325
1479;11327
1503;11329
1508;11332
1500;11334
1486;11337
1483;11339
1487;11342
1528;11344
1575;11347
1572;11350
1542;11353
1522;11355
1499;11357
1485;11360
1479;11362
1479;11365
1521;11367
1529;11370
1534;11372
1524;11375
1489;11377
1469;11380
1467;11382
1469;11385
1471;11387
1476;11389
1472;11393
1469;11395
1468;11398
1467;11400
1470;11403
1475;11405
1489;11408
1500;11410
1506;11413
1518;11415
1502;11417
1483;11420
1473;11422
1474;11425
1476;11427
1494;11430
1532;11432
1550;11436
1539;11438
1507;11441
1479;11443
1468;11445
1469;11448
1475;11450
1483;11453
1485;11455
1495;11458
1494;11460
1475;11463
1465;11465
1469;11468
1476;11470
1482;11472
1486;11475
1487;11478
1486;11481
1493;11483
1519;11486
1533;11488
1535;11491
1520;11493
1499;11496
1492;11498
1483;11501
1475;11503
1472;11505
1475;11508
1483;11510
1491;11513
1497;11515
1498;11518
1493;11521
1485;11524
1476;11526
1479;11529
1476;11531
1482;11533
1528;11536
1540;11538
1581;11541
1574;11543
1526;11546
1489;11548
1472;11551
1468;11553
1468;11556
1479;11558
1482;11560
1487;11564
1496;11566
1493;11569
1480;11571
1476;11574
1476;11576
1477;11579
1479;11581
1490;11584
1525;11586
1551;11589
1536;11591
1505;11593
1484;11596
1469;11598
1463;11601
1463;11603
1479;11607
1495;11609
1489;11612
1485;11614
1472;11617
1462;11619
1460;11621
1462;11624
1468;11626
1476;11629
1481;11631
1508;11634
1550;11636
1562;11639
1567;11641
1546;11644
1495;11646
1473;11649
1467;11652
1465;11654
1464;11657
1461;11659
1460;11662
1471;11664
1529;11667
1530;11669
1548;11672
1543;11674
1502;11677
1470;11679
1464;11681
1467;11684
1472;11686
1476;11689
1479;11692
1481;11695
1496;11697
1554;11700
1560;11702
1551;11705
1526;11707
1481;11709
1467;11712
1468;11714
1487;11717
1492;11719
1493;11722
1490;11724
1476;11727
1472;11729
1476;11732
1480;11735
1483;11737
1486;11740
1490;11742
1501;11745
1525;11747
1551;11750
1556;11752
1544;11755
1521;11757
1493;11760
1484;11762
1488;11764
1498;11767
1515;11769
1523;11772
1519;11774
1500;11778
1484;11780
1479;11783
1478;11785
1479;11788
1482;11790
1485;11793
1496;11795
1501;11797
1498;11800
1490;11802
1484;11805
1479;11807
1483;11810
1488;11812
1493;11815
1504;11817
1511;11821
1515;11823
1517;11825
1510;11828
1497;11830
1482;11833
1492;11835
1497;11838
1499;11840
1496;11843
1496;11845
1496;11848
1504;11850
1509;11852
1508;11855
1509;11857
1502;11860
1493;11863
1496;11866
1517;11868
1558;11871
1576;11873
1593;11876
1581;11878
1555;11881
1528;11883
1504;11885
1490;11888
1483;11890
1497;11893
1506;11895
1505;11898
1497;11900
1481;11904
1470;11906
1489;11909
1502;11911
1505;11913
1501;11916
1488;11918
1474;11921
1473;11923
1485;11926
1491;11928
1487;11931
1497;11933
1495;11936
1488;11938
1488;11940
1485;11943
1485;11945
1493;11949
1530;11951
1559;11954
1554;11956
1536;11959
1502;11961
1479;11964
1473;11966
1476;11969
1494;11971
1519;11973
1535;11976
1537;11978
1519;11981
1490;11983
1472;11986
1465;11988
1466;11992
1479;11994
1504;11997
1518;11999
1523;12001
1517;12004
1492;12006
1477;12009
1471;12011
1470;12014
1478;12016
1503;12019
1510;12021
1506;12024
1485;12026
1457;12028
1452;12032
1463;12034
1474;12037
1479;12039
1490;12042
1524;12044
1541;12047
1532;12049
1520;12052
1490;12054
1476;12056
1482;12059
1513;12061
1529;12064
1519;12066
1499;12069
1473;12071
1462;12075
1472;12077
1487;12080
1495;12082
1506;12085
1509;12087
1487;12089
1477;12092
1475;12094
1476;12097
1482;12099
1486;12102
1493;12104
1501;12107
1520;12109
1525;12112
1516;12114
1500;12116
1484;12120
1476;12122
1478;12125
1482;12127
1486;12130
1483;12132
1479;12135
1488;12137
1487;12140
1508;12142
1518;12144
1514;12147
1497;12149
1493;12152
1488;12154
1487;12157
1487;12160
1487;12163
1488;12165
1499;12168
1514;12170
1514;12173
1504;12175
1492;12177
1483;12180
1485;12182
1503;12185
1524;12187
1545;12190
1536;12192
1522;12195
1500;12197
1480;12200
1472;12203
1472;12205
1481;12208
1488;12210
1493;12213
1494;12215
1491;12218
1481;12220
1479;12223
1482;12225
1486;12228
1489;12230
1492;12232
1501;12235
1520;12237
1532;12240
1545;12242
1540;12246
1520;12248
1497;12251
1478;12253
1469;12256
1464;12258
1462;12261
1466;12263
1490;12265
1505;12268
1508;12270
1510;12273
1505;12275
1501;12278
1499;12280
1491;12283
1488;12285
1489;12289
1492;12291
1504;12293
1512;12296
1512;12298
1505;12301
1486;12303
1477;12306
1477;12308
1480;12311
1487;12313
1494;12316
1493;12318
1492;12320
1494;12323
1509;12325
1528;12328
1541;12331
1533;12334
1532;12336
1520;12339
1502;12341
1495;12344
1498;12346
1507;12349
1512;12351
1521;12353
1515;12356
1508;12358
1498;12361
1495;12363
1494;12366
1488;12368
1490;12371
1491;12374
1497;12377
1503;12379
1518;12381
1529;12384
1520;12386
1498;12389
1488;12391
1490;12394
1489;12396
1493;12399
1495;12401
1495;12404
1491;12406
1487;12408
1488;12411
1505;12413
1509;12417
1509;12419
1505;12422
1490;12424
1477;12427
1475;12429
1477;12432
1483;12434
1494;12437
1522;12439
1539;12441
1548;12444
1537;12446
1508;12449
1486;12451
1479;12454
1481;12456
1487;12460
1493;12462
1509;12465
1524;12467
1525;12469
1522;12472
1503;12474
1482;12477
1478;12479
1481;12482
1494;12484
1496;12487
1490;12489
1488;12492
1485;12494
1475;12496
1480;12499
1485;12502
1491;12505
1496;12507
1506;12510
1514;12512
1537;12515
1565;12517
1560;12520
1541;12522
1520;12524
1490;12527
1478;12529
1479;12532
1486;12534
1522;12537
1546;12539
1562;12542
1553;12545
1535;12548
1509;12550
1489;12553
1482;12555
1480;12557
1483;12560
1490;12562
1491;12565
1496;12567
1500;12570
1512;12572
1543;12575
1550;12577
1538;12580
1566;12582
1588;12584
1595;12588
1596;12590
1577;12593
1547;12595
1505;12598
1486;12600
1482;12603
1476;12605
1476;12608
1488;12610
1528;12612
1532;12615
1535;12617
1506;12620
1472;12622
1452;12625
1450;12627
1485;12631
1487;12633
1492;12636
1488;12638
1467;12641
1457;12643
1461;12645
1470;12648
1470;12650
1461;12653
1467;12655
1480;12658
1524;12660
1549;12663
1544;12665
1504;12668
1468;12670
1455;12673
1455;12676
1484;12678
1507;12681
1526;12683
1550;12686
1557;12688
1530;12691
1499;12693
1468;12696
1449;12698
1445;12700
1448;12703
1456;12705
1477;12708
1519;12710
1523;12713
1532;12716
1516;12719
1474;12721
1450;12724
1447;12726
1452;12729
1468;12731
1502;12733
1514;12736
1523;12738
1507;12741
1477;12743
1462;12746
1460;12748
1465;12751
1471;12753
1477;12756
1501;12759
1565;12761
1576;12764
1585;12766
1555;12769
1489;12771
1460;12774
1451;12776
1451;12779
1456;12781
1460;12784
1465;12786
1497;12788
1539;12791
1567;12793
1579;12796
1557;12798
1496;12802
1467;12804
1462;12807
1483;12809
1490;12812
1481;12814
1478;12816
1475;12819
1466;12821
1455;12824
1455;12826
1463;12829
1478;12831
1514;12834
1533;12836
1536;12839
1516;12841
1491;12845
1486;12847
1477;12849
1477;12852
1483;12854
1507;12857
1533;12859
1532;12862
1511;12864
1488;12867
1469;12869
1464;12872
1465;12874
1460;12876
1462;12879
1472;12881
1479;12884
1484;12887
1516;12890
1538;12892
1551;12895
1563;12897
1553;12900
1508;12902
1480;12904
1461;12907
1454;12909
1460;12912
1478;12914
1516;12917
1543;12919
1543;12922
1510;12924
1472;12928
1457;12930
1461;12932
1488;12935
1520;12937
1550;12940
1567;12942
1581;12945
1570;12947
1557;12950
1538;12952
1535;12955
1517;12957
1518;12960
1503;12962
1485;12964
1475;12967
1459;12969
1454;12973
1449;12975
1436;12978
1437;12980
1472;12983
1529;12985
1540;12988
1507;12990
1468;12992
1420;12995
1435;12997
1455;13000
1494;13002
1522;13005
1532;13007
1528;13010
1545;13012
1556;13016
1537;13018
1511;13020
1487;13023
1449;13025
1442;13028
1493;13030
1518;13033
1515;13035
1494;13038
1467;13040
1440;13043
1443;13045
1460;13048
1468;13050
1486;13052
1481;13056
1498;13058
1489;13061
1464;13063
1435;13066
1459;13068
1473;13071
1505;13073
1526;13076
1511;13078
1468;13080
1441;13083
1438;13085
1443;13088
1453;13090
1458;13093
1462;13095
1482;13099
1509;13101
1539;13104
1553;13106
1547;13108
1521;13111
1470;13113
1450;13116
1437;13118
1447;13121
1450;13123
1444;13126
1441;13128
1454;13131
1473;13133
1485;13136
1495;13138
1518;13140
1507;13144
1492;13146
1475;13149
1450;13151
1453;13154
1464;13156
1473;13159
1484;13161
1518;13164
1535;13166
1534;13168
1504;13171
1473;13173
1462;13176
1481;13178
1513;13181
1541;13184
1541;13187
1525;13189
1490;13192
1455;13194
1446;13196
1448;13199
1459;13201
1526;13204
1557;13206
1579;13209
1570;13211
1508;13214
1454;13216
1434;13219
1435;13221
1441;13223
1450;13227
1456;13229
1468;13232
1541;13234
1579;13237
1576;13239
1554;13242
1479;13244
1439;13247
1433;13249
1446;13252
1440;13254
1463;13256
1474;13259
1467;13261
1463;13264
1465;13266
1480;13270
1524;13272
1554;13275
1573;13277
1564;13280
1526;13282
1483;13284
1458;13287
1461;13289
1479;13292
1490;13294
1506;13297
1490;13299
1475;13302
1459;13304
1449;13307
1445;13309
1444;13312
1450;13315
1458;13317
1472;13320
1534;13322
1534;13325
1538;13327
1520;13330
1483;13332
1461;13335
1472;13337
1476;13340
1478;13342
1497;13344
1518;13347
1538;13349
1559;13352
1541;13355
1526;13358
1500;13360
1467;13363
1446;13365
1442;13368
1447;13370
1465;13372
1498;13375
1514;13377
1518;13380
1505;13382
1476;13385
1461;13387
1453;13390
1453;13392
1460;13395
1480;13398
1516;13400
1544;13403
1587;13405
1555;13408
1501;13410
1469;13413
1455;13415
1448;13418
1452;13420
1478;13423
1497;13425
1502;13428
1506;13430
1496;13432
1481;13435
1470;13437
1467;13441
1471;13443
1472;13446
1516;13448
1541;13451
1549;13453
1547;13456
1550;13458
1549;13460
1539;13463
1495;13465
1459;13468
1451;13470
1465;13473
1481;13475
1496;13478
1498;13480
1484;13484
1471;13486
1465;13488
1473;13491
1482;13493
1478;13496
1471;13498
1458;13501
1456;13503
1464;13506
1488;13508
1501;13511
1521;13513
1545;13515
1521;13518
1500;13520
1498;13523
1495;13526
1489;13529
1494;13531
1511;13534
1542;13536
1559;13539
1548;13541
1521;13544
1485;13546
1463;13548
1454;13551
1459;13553
1468;13556
1479;13558
1491;13561
1488;13563
1469;13566
1459;13569
1465;13572
1484;13574
1527;13576
1536;13579
1543;13581
1527;13584
1498;13586
1473;13589
1465;13591
1461;13594
1467;13596
1483;13599
1508;13601
1544;13603
1590;13606
1578;13608
1541;13612
1494;13614
1465;13617
1455;13619
1457;13622
1461;13624
1466;13627
1471;13629
1484;13632
1534;13634
1557;13636
1562;13639
1535;13641
1480;13644
1448;13646
1448;13649
1454;13651
1462;13655
1482;13657
1520;13660
1532;13662
1555;13664
1554;13667
1538;13669
1511;13672
1479;13674
1461;13677
1454;13679
1460;13682
1496;13684
1506;13687
1497;13689
1486;13691
1472;13694
1467;13697
1469;13700
1473;13702
1478;13705
1482;13707
1487;13710
1496;13712
1513;13715
1539;13717
1555;13719
1539;13722
1503;13724
1477;13727
1472;13729
1488;13732
1527;13734
1545;13737
1559;13740
1547;13743
1519;13745
1496;13748
1486;13750
1487;13752
1505;13755
1500;13757
1507;13760
1510;13762
1495;13765
1508;13767
1512;13770
1532;13772
1535;13775
1512;13777
1494;13779
1483;13783
1473;13785
1466;13788
1468;13790
1483;13793
1467;13795
1505;13798
1529;13800
1515;13803
1491;13805
1484;13807
1515;13810
1556;13812
1568;13815
1568;13817
1547;13820
1535;13822
1521;13826
1559;13828
1554;13831
1511;13833
1473;13836
1444;13838
1437;13840
1446;13843
1472;13845
1486;13848
1488;13850
1490;13853
1492;13855
1499;13858
1515;13860
1528;13863
1534;13865
1525;13868
1510;13871
1484;13873
1486;13876
1510;13878
1522;13881
1517;13883
1506;13886
1482;13888
1479;13891
1500;13893
1502;13895
1490;13898
1479;13900
1463;13903
1467;13905
1495;13908
1541;13911
1557;13914
1541;13916
1500;13919
1468;13921
1457;13924
1466;13926
1480;13928
1483;13931
1485;13933
1476;13936
1477;13938
1484;13941
1483;13943
1511;13946
1500;13948
1486;13952
1486;13954
1482;13956
1505;13959
1565;13961
1588;13964
1580;13966
1536;13969
1476;13971
1441;13974
1435;13976
1439;13979
1448;13981
1455;13983
1462;13986
1493;13988
1556;13991
1571;13993
1571;13997
1530;13999
1468;14002
1443;14004
1442;14007
1447;14009
1455;14011
1462;14014
1467;14016
1475;14019
1507;14021
1517;14024
1519;14026
1515;14029
1481;14031
1463;14034
1476;14036
1478;14040
1492;14042
1512;14044
1530;14047
1537;14049
1505;14052
1475;14054
1455;14057
1466;14059
1512;14062
1530;14064
1543;14067
1531;14069
1490;14071
1463;14074
1454;14076
1457;14080
1466;14082
1480;14085
1526;14087
1535;14090
1512;14092
1475;14095
1450;14097
1446;14099
1457;14102
1486;14104
1512;14107
1531;14109
1532;14112
1501;14114
1462;14117
1455;14119
1467;14123
1486;14125
1496;14128
1490;14130
1470;14132
1454;14135
1447;14137
1452;14140
1477;14142
1535;14145
1561;14147
1553;14150
1509;14152
1461;14155
1444;14157
1448;14159
1458;14162
1466;14164
1475;14168
1473;14170
1471;14173
1468;14175
1469;14178
1468;14180
1469;14183
1471;14185
1477;14187
1504;14190
1521;14192
1545;14195
1562;14197
1533;14200
1504;14202
1484;14205
1464;14208
1465;14211
1470;14213
1476;14216
1481;14218
1484;14220
1504;14223
1516;14225
1504;14228
1483;14230
1473;14233
1479;14235
1491;14238
1493;14240
1493;14243
1505;14245
1516;14247
1522;14251
1537;14253
1522;14256
1496;14258
1481;14261
1469;14263
1473;14266
1483;14268
1500;14271
1543;14273
1550;14275
1566;14278
1571;14280
1546;14283
1516;14285
1491;14288
1479;14290
1477;14294
1481;14296
1508;14299
1559;14301
1568;14304
1548;14306
1519;14308
1493;14311
1479;14313
1477;14316
1477;14318
1480;14321
1482;14323
1488;14326
1488;14328
1481;14331
1472;14333
1468;14336
1461;14339
1470;14341
1480;14344
1490;14346
1495;14349
1499;14351
1510;14354
1540;14356
1598;14359
1642;14361
1637;14363
1593;14366
1519;14368
1469;14371
1454;14373
1454;14376
1462;14379
1470;14382
1478;14384
1507;14387
1538;14389
1542;14391
1549;14394
1546;14396
1524;14399
1504;14401
1502;14404
1537;14406
1546;14409
1554;14411
1539;14414
1518;14416
1501;14419
1487;14422
1477;14424
1474;14427
1473;14429
1474;14432
1474;14434
1477;14437
1475;14439
1469;14442
1470;14444
1474;14447
1477;14449
1489;14451
1507;14454
1509;14456
1504;14459
1494;14461
1488;14465
1485;14467
1483;14470
1483;14472
1494;14475
1509;14477
1520;14479
1537;14482
1575;14484
1589;14487
1594;14489
1573;14492
1523;14494
1491;14497
1472;14499
1461;14502
1464;14504
1495;14508
1510;14510
1503;14512
1493;14515
1479;14517
1482;14520
1497;14522
1510;14525
1514;14527
1499;14530
1484;14532
1479;14535
1481;14537
1491;14539
1508;14542
1511;14544
1504;14547
1486;14550
1485;14553
1495;14555
1501;14558
1512;14560
1520;14563
1530;14565
1576;14567
1575;14570
1560;14572
1534;14575
1510;14577
1493;14580
1487;14582
1490;14585
1499;14587
1483;14590
1484;14593
1480;14595
1466;14598
1461;14600
1464;14603
1471;14605
1480;14608
1486;14610
1491;14613
1497;14615
1494;14618
1490;14620
1502;14623
1521;14625
1527;14627
1522;14630
1502;14632
1485;14636
1474;14638
1475;14641
1493;14643
1504;14646
1533;14648
1565;14651
1560;14653
1540;14655
1509;14658
1496;14660
1500;14663
1494;14665
1485;14668
1476;14670
1493;14673
1523;14675
1536;14679
1542;14681
1522;14683
1490;14686
1474;14688
1469;14691
1477;14693
1490;14696
1489;14698
1490;14701
1481;14703
1473;14706
1473;14708
1477;14711
1480;14713
1500;14715
1511;14718
1529;14721
1529;14724
1519;14726
1507;14729
1486;14731
1471;14734
1467;14736
1467;14739
1476;14741
1513;14743
1548;14746
1545;14748
1525;14751
1486;14753
1458;14756
1450;14758
1454;14761
1461;14764
1473;14767
1480;14769
1491;14771
1507;14774
1521;14776
1515;14779
1493;14781
1480;14784
1470;14786
1469;14789
1475;14791
1487;14794
1496;14796
1501;14798
1506;14801
1503;14803
1496;14807
1493;14809
1489;14812
1486;14814
1488;14817
1507;14819
1534;14822
1535;14824
1557;14827
1554;14829
1523;14831
1505;14834
1494;14836
1488;14839
1514;14841
1554;14844
1563;14846
1558;14850
1529;14852
1491;14855
1474;14857
1472;14859
1474;14862
1475;14864
1479;14867
1478;14869
1478;14872
1486;14874
1495;14877
1504;14879
1506;14882
1500;14884
1482;14886
1477;14889
1481;14892
1496;14895
1530;14897
1569;14900
1571;14902
1575;14905
1549;14907
1524;14910
1500;14912
1486;14915
1482;14917
1482;14919
1484;14922
1486;14924
1492;14927
1501;14929
1497;14932
1481;14935
1482;14938
1482;14940
1480;14943
1487;14945
1487;14947
1499;14950
1507;14952
1500;14955
1488;14957
1477;14960
1471;14962
1481;14965
1488;14967
1497;14970
1498;14972
1495;14974
1494;14978
1497;14980
1495;14983
1498;14985
1505;14988
1516;14990
1520;14993
1524;14995
1524;14998
1522;15000
1509;15003
1511;15005
1514;15007
1517;15010
1504;15012
1507;15015
1508;15017
1502;15021
1496;15023
1494;15026
1492;15028
1492;15031
1491;15033
1489;15035
1488;15038
1497;15040
1511;15043
1512;15045
1510;15048
1520;15050
1517;15053
1504;15055
1492;15058
1479;15060
1477;15063
1483;15066
1494;15068
1511;15071
1522;15073
1521;15076
1525;15078
1521;15081
1512;15083
1500;15086
1488;15088
1483;15091
1482;15093
1487;15095
1502;15098
1517;15100
1533;15104
1536;15106
1526;15109
1501;15111
1485;15114
1481;15116
1483;15119
1486;15121
1493;15123
1506;15126
1504;15128
1503;15131
1491;15133
1477;15136
1474;15138
1476;15141
1481;15143
1488;15147
1499;15149
1525;15151
1555;15154
1561;15156
1541;15159
1521;15161
1495;15164
1483;15166
1478;15169
1479;15171
1483;15174
1506;15176
1527;15178
1531;15181
1524;15183
1513;15186
1506;15188
1491;15192
1486;15194
1483;15197
1484;15199
1501;15202
1538;15204
1546;15207
1543;15209
1527;15211
1490;15214
1473;15216
1471;15219
1475;15221
1479;15224
1482;15226
1503;15229
1540;15232
1545;15235
1534;15237
1512;15239
1474;15242
1464;15244
1462;15247
1462;15249
1463;15252
1460;15254
1465;15257
1471;15259
1488;15262
1490;15264
1484;15266
1478;15269
1482;15271
1490;15275
1495;15277
1498;15280
1500;15282
1519;15285
1535;15287
1550;15290
1538;15292
1515;15295
1494;15297
1486;15299
1484;15302
1487;15304
1496;15307
1512;15309
1509;15312
1507;15314
1510;15318
1498;15320
1491;15323
1490;15325
1492;15327
1494;15330
1500;15332
1518;15335
1523;15337
1530;15340
1525;15342
1513;15345
1503;15347
1496;15350
1490;15352
1488;15354
1488;15357
1493;15360
1508;15363
1505;15365
1493;15368
1484;15370
1476;15373
1478;15375
1484;15378
1489;15380
1496;15382
1510;15385
1522;15387
1534;15390
1537;15392
1541;15395
1542;15397
1528;15400
1510;15403
1495;15406
1486;15408
1486;15411
1495;15413
1508;15415
1511;15418
1524;15420
1534;15423
1528;15425
1517;15428
1508;15430
1505;15433
1503;15435
1503;15438
1511;15440
1513;15442
1510;15446
1508;15448
1507;15451
1500;15453
1504;15456
1510;15458
1520;15461
1527;15463
1525;15466
1536;15468
1560;15470
1581;15473
1577;15475
1555;15478
1524;15480
1503;15483
1497;15485
1497;15489
1503;15491
1510;15494
1518;15496
1511;15499
1506;15501
1498;15503
1489;15506
1489;15508
1493;15511
1497;15513
1505;15516
1526;15518
1539;15521
1536;15523
1540;15526
1520;15528
1500;15531
1486;15534
1485;15536
1488;15539
1491;15541
1492;15544
1492;15546
1487;15549
1485;15551
1484;15554
1486;15556
1495;15558
1505;15561
1507;15563
1507;15566
1509;15568
1531;15571
1577;15574
1592;15577
1577;15579
1550;15582
1506;15584
1485;15587
1482;15589
1484;15591
1485;15594
1480;15596
1488;15599
1497;15601
1499;15604
1500;15606
1492;15609
1496;15611
1498;15614
1495;15617
1507;15619
1517;15622
1540;15624
1537;15627
1523;15629
1501;15632
1482;15634
1476;15637
1482;15639
1489;15642
1494;15644
1499;15646
1514;15649
1520;15651
1519;15654
1519;15656
1515;15660
1496;15662
1489;15665
1488;15667
1489;15670
1491;15672
1492;15674
1498;15677
1535;15679
1572;15682
1577;15684
1564;15687
1526;15689
1481;15692
1466;15694
1465;15697
1469;15699
1475;15703
1476;15705
1504;15707
1521;15710
1532;15712
1534;15715
1509;15717
1482;15720
1469;15722
1470;15725
1474;15727
1481;15730
1529;15732
1535;15734
1540;15737
1533;15739
1494;15742
1469;15745
1465;15748
1467;15750
1470;15753
1474;15755
1483;15758
1483;15760
1469;15762
1466;15765
1461;15767
1451;15770
1456;15772
1466;15775
1475;15777
1481;15780
1485;15782
1493;15785
1500;15788
1502;15791
1514;15793
1520;15795
1511;15798
1497;15800
1488;15803
1483;15805
1482;15808
1485;15810
1512;15813
1556;15815
1560;15818
1531;15820
1493;15822
1458;15825
1451;15827
1453;15831
1459;15833
1465;15836
1470;15838
1474;15841
1479;15843
1475;15846
1464;15848
1468;15850
1468;15853
1463;15855
1470;15858
1481;15860
1485;15863
1491;15865
1501;15868
1499;15870
1510;15874
1504;15876
1497;15879
1486;15881
1482;15883
1483;15886
1485;15888
1490;15891
1503;15893
1513;15896
1508;15898
1491;15901
1471;15903
1462;15906
1461;15908
1468;15910
1488;15913
1488;15916
1506;15919
1513;15921
1503;15924
1480;15926
1470;15929
1468;15931
1471;15934
1474;15936
1483;15938
1501;15941
1493;15943
1507;15946
1518;15948
1506;15951
1490;15953
1479;15956
1477;15959
1480;15962
1497;15964
1511;15967
1507;15969
1500;15971
1489;15974
1460;15976
1454;15979
1457;15981
1465;15984
1478;15986
1493;15989
1503;15991
1508;15994
1500;15996
1487;15998
1481;16002
1479;16004
1478;16007
1478;16009
1485;16012
1498;16014
1495;16017
1488;16019
1479;16022
1475;16024
1465;16026
1473;16029
1481;16031
1489;16034
1496;16036
1532;16039
1556;16041
1558;16045
1545;16047
1512;16050
1494;16052
1488;16055
1481;16057
1473;16059
1479;16062
1490;16064
1518;16067
1521;16069
1511;16072
1499;16074
1476;16077
1462;16079
1466;16082
1487;16084
1501;16087
1524;16090
1551;16092
1571;16095
1573;16097
1550;16100
1513;16102
1482;16105
1463;16107
1461;16110
1470;16112
1482;16114
1520;16117
1533;16119
1534;16122
1510;16124
1468;16128
1440;16130
1435;16133
1450;16135
1501;16138
1512;16140
1535;16142
1550;16145
1515;16147
1471;16150
1450;16152
1449;16155
1457;16157
1477;16160
1483;16162
1483;16165
1498;16167
1515;16171
1508;16173
1501;16175
1474;16178
1455;16180
1454;16183
1454;16185
1458;16188
1478;16190
1543;16193
1571;16195
1580;16198
1563;16200
1516;16202
1471;16205
1457;16207
1456;16210
1460;16212
1466;16216
1499;16218
1510;16221
1514;16223
1512;16226
1485;16228
1467;16230
1454;16233
1450;16235
1455;16238
1445;16240
1467;16243
1519;16245
1525;16248
1520;16250
1508;16253
1487;16256
1472;16259
1465;16261
1472;16263
1489;16266
1495;16268
1502;16271
1503;16273
1495;16276
1484;16278
1478;16281
1482;16283
1513;16286
1541;16288
1542;16290
1521;16293
1488;16295
1475;16299
1490;16301
1491;16304
1492;16306
1492;16309
1487;16311
1477;16314
1481;16316
1498;16318
1491;16321
1486;16323
1485;16326
1479;16328
1468;16331
1469;16333
1472;16336
1476;16338
1485;16342
1493;16344
1497;16347
1501;16349
1500;16351
1494;16354
1489;16356
1485;16359
1483;16361
1495;16364
1524;16366
1541;16369
1539;16371
1518;16374
1505;16376
1481;16378
1475;16381
1471;16384
1464;16387
1462;16389
1466;16392
1473;16394
1495;16397
1500;16399
1524;16402
1535;16404
1518;16406
1496;16409
1477;16411
1469;16414
1469;16416
1471;16419
1478;16421
1494;16424
1493;16427
1482;16430
1483;16432
1476;16434
1468;16437
1465;16439
1474;16442
1487;16444
1503;16447
1515;16449
1533;16452
1552;16454
1547;16457
1523;16459
1505;16462
1483;16464
1472;16466
1472;16470
1473;16472
1484;16475
1468;16477
1474;16480
1482;16482
1469;16485
1457;16487
1456;16490
1463;16492
1470;16494
1475;16497
1479;16499
1511;16502
1539;16504
1541;16507
1546;16509
1524;16513
1479;16515
1458;16518
1456;16520
1458;16522
1462;16525
1468;16527
1503;16530
1515;16532
1512;16535
1502;16537
1466;16540
1448;16542
1449;16545
1457;16547
1464;16550
1468;16552
1472;16555
1476;16558
1482;16560
1491;16563
1488;16565
1485;16568
1490;16570
1484;16573
1477;16575
1486;16578
1506;16580
1514;16582
1520;16585
1515;16587
1491;16590
1463;16592
1452;16595
1454;16598
1460;16601
1466;16603
1470;16606
1479;16608
1482;16610
1480;16613
1475;16615
1468;16618
1464;16620
1468;16623
1473;16625
1479;16628
1491;16630
1500;16633
1498;16635
1483;16638
1471;16641
1457;16643
1457;16646
1464;16648
1471;16651
1476;16653
1476;16656
1473;16658
1471;16661
1471;16663
1473;16666
1489;16668
1514;16670
1528;16673
1520;16675
1511;16678
1518;16680
1505;16684
1497;16686
1490;16689
1472;16691
1463;16694
1474;16696
1485;16698
1490;16701
1493;16703
1487;16706
1474;16708
1472;16711
1482;16713
1490;16716
1493;16718
1490;16721
1483;16723
1459;16726
1473;16729
1487;16731
1495;16734
1497;16736
1492;16739
1484;16741
1497;16744
1510;16746
1503;16749
1491;16751
1475;16754
1460;16756
1454;16758
1458;16761
1464;16763
1476;16766
1499;16769
1525;16772
1535;16774
1534;16777
1504;16779
1465;16782
1448;16784
1446;16786
1450;16789
1456;16791
1461;16794
1465;16796
1467;16799
1483;16801
1507;16804
1507;16806
1496;16809
1472;16812
1450;16814
1444;16817
1451;16819
1457;16822
1464;16824
1469;16827
1472;16829
1475;16832
1511;16834
1565;16837
1573;16839
1574;16842
1537;16844
1476;16846
1435;16849
1431;16851
1435;16855
1439;16857
1444;16860
1448;16862
1453;16865
1461;16867
1480;16870
1500;16872
1504;16874
1498;16877
1484;16879
1473;16882
1474;16884
1483;16887
1482;16889
1488;16892
1485;16894
1497;16898
1497;16900
1503;16902
1518;16905
1507;16907
1491;16910
1480;16912
1473;16915
1469;16917
1470;16920
1476;16922
1495;16925
1505;16927
1502;16929
1492;16932
1478;16934
1476;16937
1484;16940
1486;16943
1487;16945
1484;16948
1469;16950
1459;16953
1465;16955
1473;16958
1471;16960
1472;16962
1502;16965
1537;16967
1547;16970
1546;16972
1524;16975
1484;16977
1465;16980
1464;16983
1467;16986
1471;16988
1475;16990
1479;16993
1476;16995
1476;16998
1476;17000
1485;17003
1495;17005
1504;17008
1506;17010
1504;17013
1488;17015
1471;17017
1464;17020
1466;17022
1471;17026
1481;17028
1492;17031
1502;17033
1508;17036
1501;17038
1489;17041
1479;17043
1477;17046
1476;17048
1480;17050
1485;17053
1489;17055
1493;17058
1497;17060
1511;17063
1529;17065
1538;17069
1528;17071
1512;17074
1501;17076
1488;17078
1479;17081
1478;17083
1479;17086
1478;17088
1482;17091
1485;17093
1474;17096
1477;17098
1501;17101
1513;17103
1503;17105
1481;17108
1475;17111
1478;17114
1480;17116
1482;17119
1488;17121
1485;17124
1492;17126
1512;17129
1507;17131
1501;17134
1500;17136
1487;17138
1485;17141
1489;17143
1495;17146
1499;17148
1509;17152
1488;17154
1472;17157
1465;17159
1459;17162
1456;17164
1464;17166
1484;17169
1525;17171
1513;17174
1528;17176
1530;17179
1504;17181
1485;17184
1476;17186
1475;17189
1477;17191
1478;17193
1480;17197
1481;17199
1481;17202
1488;17204
1537;17207
1532;17209
1522;17212
1509;17214
1474;17217
1457;17219
1444;17221
1454;17224
1466;17226
1470;17229
1471;17231
1473;17234
1476;17236
1478;17240
1480;17242
1490;17245
1550;17247
1599;17250
1577;17252
1563;17254
1519;17257
1468;17259
1448;17262
1444;17264
1447;17267
1450;17269
1454;17272
1459;17274
1465;17277
1485;17280
1501;17282
1505;17285
1498;17287
1482;17290
1465;17292
1461;17295
1463;17297
1470;17300
1479;17302
1492;17305
1495;17307
1488;17309
1475;17312
1460;17314
1452;17317
1453;17319
1472;17323
1481;17325
1478;17328
1479;17330
1465;17333
1448;17335
1449;17338
1460;17340
1480;17342
1490;17345
1495;17347
1504;17350
1492;17352
1479;17355
1473;17357
1469;17360
1467;17362
1467;17366
1469;17368
1464;17370
1458;17373
1452;17375
1447;17378
1452;17380
1478;17383
1472;17385
1474;17388
1480;17390
1472;17393
1450;17395
1444;17397
1445;17400
1453;17402
1473;17405
1515;17408
1528;17411
1522;17413
1506;17416
1480;17418
1469;17421
1473;17423
1472;17426
1473;17428
1475;17430
1479;17433
1477;17435
1473;17438
1472;17440
1465;17443
1463;17445
1458;17448
1454;17451
1455;17454
1472;17456
1488;17458
1479;17461
1470;17463
1482;17466
1492;17468
1482;17471
1466;17473
1461;17476
1458;17478
1467;17481
1481;17483
1486;17485
1489;17488
1484;17490
1474;17494
1459;17496
1456;17499
1461;17501
1466;17504
1493;17506
1494;17509
1492;17511
1491;17514
1468;17516
1444;17518
1443;17521
1453;17523
1453;17526
1455;17528
1482;17531
1514;17533
1513;17537
1505;17539
1485;17542
1461;17544
1448;17546
1445;17549
1446;17551
1448;17554
1451;17556
1455;17559
1505;17561
1520;17564
1511;17566
1509;17569
1489;17571
1455;17573
1444;17576
1443;17579
1439;17582
1440;17584
1455;17587
1465;17589
1464;17592
1462;17594
1446;17597
1439;17599
1441;17601
1446;17604
1449;17606
1451;17609
1452;17611
1461;17614
1486;17616
1499;17619
1503;17622
1502;17625
1481;17627
1462;17630
1489;17632
1534;17634
1520;17637
1511;17639
1498;17642
1469;17644
1449;17647
1446;17649
1448;17652
1452;17654
1458;17657
1462;17659
1475;17661
1510;17665
1522;17667
1506;17670
1511;17672
1483;17675
1449;17677
1439;17680
1438;17682
1444;17685
1450;17687
1453;17689
1477;17692
1473;17694
1469;17697
1472;17699
1472;17702
1466;17704
1466;17708
1472;17710
1495;17713
1500;17715
1502;17718
1515;17720
1507;17722
1484;17725
1473;17727
1469;17730
1469;17732
1469;17735
1470;17737
1471;17740
1484;17742
1536;17745
1561;17747
1552;17750
1528;17753
1488;17755
1455;17758
1447;17760
1450;17763
1452;17765
1448;17768
1445;17770
1433;17773
1447;17775
1465;17777
1476;17780
1476;17782
1478;17785
1482;17787
1487;17790
1492;17793
1497;17796
1501;17798
1505;17801
1509;17803
1518;17806
1543;17808
1549;17810
1547;17813
1536;17815
1513;17818
1489;17820
1483;17823
1480;17825
1488;17828
1499;17830
1503;17833
1504;17836
1493;17838
1478;17841
1463;17843
1476;17846
1482;17848
1479;17851
1475;17853
1469;17856
1470;17858
1475;17861
1482;17863
1488;17865
1493;17868
1501;17870
1515;17873
1521;17875
1523;17879
1516;17881
1498;17884
1479;17886
1470;17889
1471;17891
1479;17894
1488;17896
1496;17898
1528;17901
1562;17903
1574;17906
1556;17908
1546;17911
1517;17913
1501;17916
1486;17918
1480;17922
1482;17924
1483;17926
1485;17929
1495;17931
1510;17934
1510;17936
1514;17939
1517;17941
1508;17944
1500;17946
1495;17949
1489;17951
1484;17953
1482;17956
1485;17958
1492;17961
1493;17964
1492;17967
1491;17969
1490;17972
1492;17974
1494;17977
1496;17979
1497;17981
1497;17984
1497;17986
1498;17989
1501;17991
1504;17994
1520;17996
1541;17999
1541;18001
1547;18004
1544;18007
1519;18010
1502;18012
1495;18014
1494;18017
1495;18019
1499;18022
1508;18024
1523;18027
1531;18029
1537;18032
1528;18034
1513;18037
1501;18039
1495;18041
1493;18044
1494;18046
1498;18050
1496;18052
1495;18055
1495;18057
1498;18060
1504;18062
1507;18065
1505;18067
1501;18069
1496;18072
1494;18074
1496;18077
1498;18079
1511;18082
1530;18084
1541;18087
1545;18089
1545;18093
1528;18095
1509;18098
1498;18100
1495;18102
1494;18105
1495;18107
1508;18110
1499;18112
1504;18115
1509;18117
1507;18120
1502;18122
1501;18125
1500;18127
1501;18129
1502;18132
1503;18135
1504;18138
1506;18140
1518;18143
1521;18145
1518;18148
1514;18150
1505;18153
1499;18155
1502;18157
1502;18160
1499;18162
1496;18165
1496;18167
1499;18170
1503;18172
1511;18176
1516;18178
1518;18181
1518;18183
1527;18186
1538;18188
1538;18190
1537;18193
1533;18195
1522;18198
1512;18200
1507;18203
1504;18205
1507;18208
1504;18210
1499;18213
1496;18215
1495;18217
1498;18221
1503;18223
1505;18226
1506;18228
1506;18231
1507;18233
1519;18236
1529;18238
1535;18241
1539;18243
1531;18245
1518;18248
1508;18250
1499;18253
1497;18255
1499;18258
1502;18260
1497;18264
1494;18266
1495;18269
1498;18271
1497;18274
1498;18276
1500;18278
1501;18281
1501;18283
1507;18286
1516;18288
1518;18291
1515;18293
1511;18296
1506;18298
1503;18301
1501;18304
1501;18306
1502;18309
1506;18311
1515;18314
1518;18316
1519;18319
1518;18321
1514;18324
1512;18326
1512;18329
1512;18331
1512;18333
1511;18336
1509;18338
1506;18341
1505;18343
1503;18347
1502;18349
1503;18352
1507;18354
1517;18357
1516;18359
1516;18361
1516;18364
1511;18366
1507;18369
1506;18371
1505;18374
1505;18376
1505;18379
1506;18381
1506;18384
1507;18386
1510;18390
1510;18392
1511;18394
1513;18397
1512;18399
1515;18402
1515;18404
1514;18407
1513;18409
1510;18412
1508;18414
1510;18417
1524;18419
1533;18421
1538;18424
1539;18426
1527;18429
1515;18432
1508;18435
1503;18437
1501;18440
1500;18442
1501;18445
1504;18447
1504;18449
1502;18452
1502;18454
1504;18457
1508;18459
1515;18462
1528;18464
1535;18467
1537;18469
1533;18472
1523;18475
1512;18478
1505;18480
1502;18482
1501;18485
1501;18487
1502;18490
1503;18492
1504;18495
1505;18497
1508;18500
1511;18502
1512;18505
1512;18507
1507;18509
1504;18512
1506;18514
1507;18518
1506;18520
1506;18523
1507;18525
1509;18528
1514;18530
1519;18533
1521;18535
1519;18537
1515;18540
1508;18542
1506;18545
1505;18547
1505;18550
1505;18552
1506;18555
1507;18557
1508;18561
1517;18563
1525;18566
1527;18568
1526;18570
1527;18573
1526;18575
1523;18578
1517;18580
1510;18583
1502;18585
1500;18588
1499;18590
1498;18593
1498;18595
1499;18597
1501;18600
1504;18603
1509;18606
1514;18608
1515;18611
1516;18613
1514;18616
1509;18618
1504;18621
1500;18623
1499;18625
1499;18628
1500;18630
1505;18633
1508;18635
1507;18638
1510;18640
1510;18643
1506;18646
1504;18649
1502;18651
1501;18654
1501;18656
1506;18658
1518;18661
1524;18663
1522;18666
1516;18668
1508;18671
1504;18673
1508;18676
1512;18678
1512;18681
1510;18683
1505;18685
1499;18689
1496;18691
1495;18694
1494;18696
1493;18699
1492;18701
1491;18704
1492;18706
1493;18709
1495;18711
1496;18713
1497;18716
1498;18718
1498;18721
1499;18723
1499;18726
1499;18728
1499;18732
1499;18734
1499;18737
1499;18739
1499;18741
1498;18744
1498;18746
1499;18749
1500;18751
1503;18754
1505;18756
1510;18759
1515;18761
1519;18764
1520;18766
1515;18769
1510;18771
1507;18774
1508;18777
1509;18779
1508;18782
1509;18784
1509;18787
1507;18789
1505;18792
1505;18794
1506;18797
1506;18799
1506;18801
1507;18804
1506;18806
1505;18809
1504;18811
1505;18814
1505;18817
1507;18820
1508;18822
1507;18825
1509;18827
1512;18829
1513;18832
1513;18834
1511;18837
1510;18839
1510;18842
1513;18844
1517;18847
1518;18849
1516;18852
1512;18854
1508;18857
1504;18860
1504;18862
1505;18865
1506;18867
1507;18870
1506;18872
1504;18875
1502;18877
1501;18880
1500;18882
1500;18885
1502;18887
1502;18889
1502;18892
1502;18894
1501;18897
1500;18899
1500;18903
1500;18905
1500;18908
1500;18910
1500;18913
1500;18915
1500;18917
1499;18920
1499;18922
1502;18925
1506;18927
1506;18930
1505;18932
1503;18935
1502;18937
1502;18940
1503;18942
1503;18946
1500;18948
1498;18950
1497;18953
1496;18955
1496;18958
1496;18960
1496;18963
1496;18965
1494;18968
1496;18970
1497;18973
1498;18975
1501;18977
1503;18980
1506;18982
1505;18985
1502;18988
1501;18991
1500;18993
1499;18996
1498;18998
1499;19001
1499;19003
1499;19005
1499;19008
1499;19010
1499;19013
1500;19015
1504;19018
1508;19020
1510;19023
1509;19025
1504;19028
1502;19031
1500;19033
1499;19036
1499;19038
1501;19041
1503;19043
1505;19046
1506;19048
1504;19051
1502;19053
1500;19056
1502;19058
1503;19061
1504;19063
1503;19065
1502;19068
1501;19070
1501;19074
1500;19076
1500;19079
1505;19081
1507;19084
1507;19086
1508;19089
1505;19091
1502;19093
1501;19096
1500;19098
1499;19101
1499;19103
1500;19106
1502;19108
1503;19111
1504;19113
1503;19117
1501;19119
1500;19121
1499;19124
1499;19126
1500;19129
1500;19131
1500;19134
1500;19136
1501;19139
1501;19141
1501;19144
1501;19146
1501;19149
1502;19151
1501;19153
1503;19156
1506;19159
1506;19162
1505;19164
1505;19167
1507;19169
1507;19172
1509;19174
1512;19177
1511;19179
1508;19181
1505;19184
1504;19186
1504;19189
1504;19191
1504;19194
1504;19196
1504;19200
1505;19202
1506;19205
1506;19207
1506;19209
1506;19212
1507;19214
1506;19217
1508;19219
1509;19222
1511;19224
1512;19227
1515;19229
1519;19232
1519;19234
1517;19236
1514;19239
1511;19241
1509;19245
1507;19247
1506;19250
1506;19252
1505;19255
1506;19257
1506;19260
1506;19262
1505;19265
1505;19267
1505;19269
1505;19272
1506;19274
1508;19277
1508;19279
1508;19282
1508;19284
1508;19288
1509;19290
1509;19293
1508;19295
1507;19297
1508;19300
1509;19302
1511;19305
1511;19307
1510;19310
1509;19312
1507;19315
1506;19317
1506;19320
1506;19322
1506;19324
1505;19328
1505;19330
1507;19333
1507;19335
1508;19338
1508;19340
1507;19343
1509;19345
1511;19348
1509;19350
1509;19353
1508;19355
1505;19357
1503;19360
1502;19362
1502;19365
1502;19367
1502;19371
1503;19373
1504;19376
1504;19378
1503;19381
1502;19383
1502;19385
1501;19388
1501;19390
1501;19393
1501;19395
1500;19398
1501;19400
1501;19403
1500;19405
1500;19408
1500;19410
1499;19412
1500;19416
1501;19418
1503;19421
1505;19423
1507;19426
1508;19428
1506;19431
1504;19433
1503;19436
1505;19438
1505;19441
1506;19443
1507;19445
1508;19448
1504;19450
1502;19453
1500;19456
1499;19459
1499;19461
1500;19464
1501;19466
1502;19469
1503;19471
1503;19473
1503;19476
1502;19478
1502;19481
1502;19483
1502;19486
1502;19488
1502;19491
1502;19493
1502;19496
1502;19499
1504;19501
1505;19504
1508;19506
1509;19509
1508;19511
1506;19514
1504;19516
1503;19519
1503;19521
1503;19524
1503;19526
1503;19529
1504;19531
1503;19533
1502;19536
1502;19538
1503;19542
1504;19544
1505;19547
1505;19549
1505;19552
1505;19554
1507;19557
1507;19559
1508;19561
1506;19564
1506;19566
1507;19569
1507;19571
1507;19574
1507;19576
1506;19579
1508;19581
1509;19585
1510;19587
1510;19589
1510;19592
1510;19594
1510;19597
1511;19599
1513;19602
1516;19604
1521;19607
1523;19609
1523;19612
1522;19614
1520;19616
1516;19619
1512;19621
1511;19624
1510;19627
1509;19630
1509;19632
1509;19635
1510;19637
1510;19640
1511;19642
1511;19645
1512;19647
1512;19649
1512;19652
1512;19654
1512;19657
1513;19659
1514;19662
1516;19664
1518;19667
1518;19670
1516;19673
1515;19675
1514;19677
1515;19680
1516;19682
1516;19685
1516;19687
1516;19690
1515;19692
1516;19695
1516;19697
1517;19700
1517;19702
1516;19704
1516;19707
1518;19709
1519;19713
1520;19715
1520;19718
1519;19720
1519;19723
1518;19725
1518;19728
1518;19730
1519;19733
1520;19735
1522;19737
1523;19740
1523;19742
1521;19745
1520;19747
1520;19750
1519;19752
1519;19756
1519;19758
1519;19761
1519;19763
1519;19765
1519;19768
1519;19770
1518;19773
1518;19775
1518;19778
1516;19780
1517;19783
1518;19785
1519;19788
1519;19790
1517;19792
1517;19795
1516;19798
1516;19801
1518;19803
1517;19806
1521;19808
1523;19811
1522;19813
1518;19816
1514;19818
1512;19820
1511;19823
1511;19825
1512;19828
1512;19830
1511;19833
1512;19835
