1514	2
1511	4
1506	7
1501	9
1498	11
1496	13
1494	16
1492	18
1491	20
1490	23
1487	25
1489	27
1493	30
1494	32
1494	34
1494	36
1492	39
1490	41
1489	44
1489	47
1489	49
1489	51
1492	54
1493	56
1494	58
1494	61
1496	63
1498	65
1497	67
1495	70
1493	72
1492	74
1492	77
1493	79
1491	81
1489	84
1488	87
1487	89
1492	91
1494	94
1493	96
1492	98
1491	101
1492	103
1493	105
1497	108
1497	110
1493	112
1489	115
1486	117
1483	120
1480	122
1478	124
1478	128
1479	130
1480	132
1481	135
1481	137
1481	139
1481	142
1482	144
1482	146
1482	149
1482	151
1482	153
1482	156
1483	158
1484	161
1485	163
1485	165
1485	168
1484	171
1483	173
1483	176
1484	178
1487	180
1488	183
1486	185
1483	187
1481	190
1480	192
1480	194
1481	197
1482	199
1482	202
1483	204
1483	206
1484	209
1485	211
1485	214
1485	217
1485	219
1485	221
1485	224
1485	226
1485	228
1486	231
1486	233
1487	236
1488	238
1488	240
1489	243
1488	245
1488	247
1488	250
1488	252
1488	254
1489	258
1489	260
1490	262
1491	265
1492	267
1494	269
1501	272
1509	274
1510	277
1507	279
1506	281
1504	284
1501	286
1498	288
1496	291
1496	293
1496	295
1496	299
1499	301
1509	303
1515	306
1517	308
1516	310
1513	313
1510	315
1506	318
1503	320
1501	322
1500	325
1499	327
1498	329
1498	332
1500	334
1500	336
1499	339
1499	342
1497	344
1496	347
1495	349
1497	352
1499	354
1500	356
1504	359
1506	361
1504	363
1503	366
1507	368
1512	370
1518	373
1523	375
1523	377
1520	380
1513	382
1507	385
1501	388
1497	390
1495	393
1493	395
1493	397
1492	400
1492	402
1493	404
1492	407
1493	409
1492	411
1492	414
1492	416
1493	418
1493	421
1493	423
1493	425
1493	429
1493	431
1492	434
1491	436
1491	438
1490	441
1489	443
1489	445
1489	448
1488	450
1488	452
1489	455
1490	457
1490	459
1490	462
1490	464
1490	467
1491	470
1491	472
1492	475
1493	477
1493	479
1491	482
1490	484
1491	486
1491	489
1492	491
1492	493
1492	496
1492	498
1492	500
1492	503
1492	505
1494	508
1496	510
1499	513
1498	516
1495	518
1494	520
1494	523
1493	525
1493	527
1494	530
1494	532
1493	534
1494	537
1495	539
1496	541
1496	544
1495	546
1493	549
1495	551
1495	553
1494	557
1494	559
1494	561
1493	564
1491	566
1490	568
1488	571
1488	573
1488	575
1488	578
1488	580
1489	583
1489	585
1490	587
1491	590
1495	592
1499	594
1500	598
1498	600
1497	602
1496	605
1494	607
1492	609
1491	612
1490	614
1491	616
1491	619
1492	621
1493	624
1491	626
1489	628
1488	631
1488	633
1488	635
1489	638
1489	641
1489	643
1489	646
1489	648
1489	650
1490	653
1491	655
1491	658
1492	660
1492	662
1492	665
1491	667
1491	669
1493	672
1493	674
1495	676
1496	679
1496	681
1495	684
1494	687
1493	689
1493	691
1492	694
1491	696
1491	699
1491	701
1491	703
1492	706
1494	708
1503	710
1507	713
1504	715
1501	717
1499	720
1498	722
1495	724
1494	728
1494	730
1493	732
1492	735
1492	737
1492	740
1491	742
1491	744
1490	747
1490	749
1491	751
1492	754
1494	756
1497	758
1498	761
1497	763
1496	765
1495	769
1495	771
1494	774
1493	776
1493	778
1493	781
1493	783
1493	785
1492	788
1492	790
1494	792
1494	795
1493	797
1494	799
1495	802
1495	804
1494	806
1494	809
1495	812
1495	815
1495	817
1496	819
1496	822
1496	824
1495	826
1495	829
1494	831
1494	833
1497	836
1505	838
1508	840
1508	843
1505	845
1501	848
1498	850
1496	852
1494	856
1493	858
1492	860
1491	863
1490	865
1489	867
1487	870
1486	872
1486	874
1487	877
1488	879
1490	881
1491	884
1491	886
1491	889
1491	891
1491	893
1492	897
1493	899
1493	901
1495	904
1497	906
1499	908
1500	911
1499	913
1497	915
1495	918
1494	920
1493	922
1492	925
1492	927
1492	930
1493	932
1493	934
1494	937
1494	940
1494	942
1492	945
1491	947
1491	949
1491	952
1492	954
1492	956
1492	959
1492	961
1493	964
1497	966
1498	968
1498	971
1496	973
1495	975
1494	978
1493	980
1493	983
1493	986
1494	988
1493	990
1492	993
1492	995
1492	997
1491	1000
1491	1002
1491	1005
1491	1007
1492	1009
1493	1012
1493	1014
1493	1017
1493	1019
1493	1021
1494	1025
1497	1027
1499	1030
1499	1032
1499	1035
1497	1037
1496	1039
1496	1042
1496	1044
1496	1047
1495	1049
1495	1051
1495	1054
1494	1056
1494	1059
1494	1061
1494	1063
1494	1067
1495	1069
1495	1072
1495	1074
1498	1076
1501	1079
1502	1081
1502	1084
1502	1086
1502	1088
1501	1091
1501	1093
1501	1096
1501	1098
1500	1100
1500	1103
1499	1105
1497	1108
1495	1111
1494	1113
1493	1116
1493	1118
1494	1121
1494	1123
1494	1125
1494	1128
1495	1130
1496	1133
1496	1135
1495	1138
1495	1140
1494	1142
1493	1145
1494	1147
1494	1150
1495	1153
1495	1155
1496	1158
1497	1160
1498	1163
1498	1165
1498	1167
1497	1170
1497	1172
1496	1175
1496	1177
1496	1179
1496	1182
1497	1184
1498	1187
1500	1189
1500	1191
1500	1195
1505	1197
1506	1200
1504	1202
1500	1204
1498	1207
1496	1209
1495	1212
1494	1214
1494	1217
1493	1219
1492	1221
1492	1224
1491	1226
1491	1229
1491	1231
1493	1233
1495	1236
1496	1239
1495	1242
1496	1244
1497	1246
1499	1249
1498	1251
1496	1254
1494	1256
1493	1258
1492	1261
1492	1263
1492	1266
1492	1268
1493	1270
1493	1273
1492	1275
1492	1278
1493	1281
1495	1283
1498	1286
1499	1288
1498	1291
1496	1293
1495	1295
1494	1298
1494	1300
1495	1303
1496	1305
1495	1307
1498	1310
1497	1312
1507	1315
1511	1317
1507	1320
1504	1323
1501	1325
1497	1328
1495	1330
1493	1333
1491	1335
1490	1337
1490	1340
1489	1342
1489	1345
1490	1347
1490	1349
1490	1352
1491	1354
1492	1357
1493	1359
1492	1361
1493	1364
1494	1367
1494	1370
1493	1372
1494	1374
1494	1377
1493	1379
1492	1382
1491	1384
1491	1386
1492	1389
1492	1391
1492	1394
1492	1396
1494	1398
1495	1401
1497	1403
1497	1406
1496	1409
1495	1411
1494	1414
1493	1416
1493	1419
1495	1421
1496	1424
1495	1426
1494	1428
1494	1431
1493	1433
1492	1436
1491	1438
1490	1440
1489	1443
1488	1445
1490	1448
1493	1451
1494	1453
1494	1456
1496	1458
1497	1461
1495	1463
1494	1465
1495	1468
1495	1470
1494	1473
1494	1475
1494	1477
1494	1480
1495	1482
1496	1485
1496	1487
1496	1489
1496	1492
1495	1495
1494	1498
1495	1500
1495	1503
1495	1505
1495	1507
1495	1510
1494	1512
1496	1515
1497	1517
1495	1519
1493	1522
1491	1524
1492	1527
1492	1529
1492	1531
1492	1534
1493	1537
1493	1540
1493	1542
1494	1544
1493	1547
1493	1549
1493	1552
1494	1554
1494	1556
1494	1559
1494	1561
1494	1564
1494	1566
1495	1568
1496	1571
1496	1573
1496	1576
1500	1579
1501	1581
1500	1584
1501	1586
1501	1589
1503	1591
1503	1594
1501	1596
1499	1598
1497	1601
1496	1603
1495	1606
1495	1608
1495	1610
1495	1613
1495	1615
1495	1618
1495	1620
1496	1623
1497	1626
1497	1628
1497	1631
1496	1633
1496	1635
1495	1638
1495	1640
1494	1643
1492	1645
1491	1647
1490	1650
1492	1652
1492	1655
1493	1657
1493	1659
1493	1662
1493	1665
1493	1668
1493	1670
1494	1672
1494	1675
1494	1677
1495	1680
1495	1682
1495	1684
1496	1687
1498	1689
1500	1692
1500	1694
1500	1697
1499	1699
1499	1701
1498	1704
1498	1707
1500	1710
1499	1712
1498	1714
1497	1717
1497	1719
1496	1722
1495	1724
1496	1726
1497	1729
1498	1731
1502	1734
1504	1736
1505	1738
1505	1741
1505	1743
1503	1746
1501	1748
1500	1751
1500	1754
1498	1756
1497	1759
1495	1761
1494	1763
1493	1766
1492	1768
1492	1771
1492	1773
1491	1775
1492	1778
1493	1780
1493	1783
1493	1785
1494	1788
1495	1790
1495	1793
1494	1796
1495	1798
1493	1801
1493	1803
1492	1805
1492	1808
1492	1810
1492	1813
1492	1815
1492	1817
1493	1820
1496	1822
1499	1825
1498	1827
1499	1829
1499	1832
1498	1835
1496	1838
1497	1840
1496	1842
1495	1845
1494	1847
1497	1850
1498	1852
1498	1854
1498	1857
1499	1859
1497	1862
1494	1864
1492	1866
1490	1869
1489	1871
1488	1874
1487	1876
1487	1880
1486	1882
1485	1884
1485	1887
1485	1889
1485	1892
1487	1894
1487	1896
1488	1899
1488	1901
1489	1904
1492	1906
1492	1908
1492	1911
1496	1913
1499	1916
1498	1918
1496	1921
1493	1924
1492	1926
1491	1929
1491	1931
1490	1933
1490	1936
1491	1938
1494	1941
1495	1943
1493	1945
1491	1948
1489	1950
1487	1953
1488	1955
1492	1957
1492	1960
1490	1963
1488	1966
1488	1968
1487	1971
1487	1973
1487	1975
1487	1978
1487	1980
1487	1983
1488	1985
1490	1987
1498	1990
1505	1992
1505	1995
1503	1997
1500	1999
1495	2002
1490	2004
1488	2008
1487	2010
1486	2012
1486	2015
1486	2017
1486	2020
1486	2022
1485	2024
1486	2027
1486	2029
1486	2032
1487	2034
1489	2036
1490	2039
1490	2041
1491	2044
1492	2046
1491	2049
1491	2052
1491	2054
1491	2057
1492	2059
1493	2062
1493	2064
1493	2066
1492	2069
1489	2071
1488	2074
1489	2076
1489	2078
1489	2081
1490	2083
1491	2086
1492	2088
1491	2091
1490	2094
1490	2096
1492	2099
1493	2101
1493	2103
1493	2106
1497	2108
1500	2111
1499	2113
1499	2115
1500	2118
1500	2120
1498	2123
1497	2125
1494	2127
1493	2130
1492	2132
1493	2136
1496	2138
1496	2140
1495	2143
1495	2145
1495	2148
1493	2150
1490	2152
1488	2155
1487	2157
1487	2160
1487	2162
1487	2165
1488	2167
1489	2169
1490	2172
1488	2174
1487	2178
1486	2180
1487	2182
1489	2185
1490	2187
1491	2190
1492	2192
1495	2194
1497	2197
1499	2199
1502	2202
1505	2204
1507	2206
1509	2209
1510	2211
1510	2214
1509	2216
1505	2219
1499	2222
1494	2224
1491	2227
1490	2229
1489	2231
1488	2234
1488	2236
1488	2239
1489	2241
1490	2244
1494	2246
1496	2248
1495	2251
1494	2253
1493	2256
1492	2258
1490	2260
1489	2264
1488	2266
1488	2269
1487	2271
1487	2273
1487	2276
1487	2278
1488	2281
1488	2283
1489	2285
1491	2288
1494	2290
1495	2293
1497	2295
1497	2297
1498	2300
1496	2302
1493	2306
1491	2308
1489	2310
1490	2313
1489	2315
1489	2318
1490	2320
1494	2322
1500	2325
1504	2327
1504	2330
1502	2332
1499	2335
1495	2337
1493	2339
1492	2342
1491	2344
1491	2348
1491	2350
1491	2352
1491	2355
1492	2357
1494	2360
1495	2362
1493	2364
1491	2367
1490	2369
1491	2372
1492	2374
1492	2376
1492	2379
1492	2381
1493	2384
1493	2386
1494	2388
1498	2392
1511	2394
1522	2397
1518	2399
1512	2401
1508	2404
1502	2406
1499	2409
1498	2411
1497	2414
1495	2416
1493	2418
1492	2421
1491	2423
1494	2426
1493	2428
1490	2430
1490	2434
1489	2436
1488	2439
1488	2441
1490	2443
1487	2446
1482	2448
1480	2451
1481	2453
1482	2455
1486	2458
1491	2460
1499	2463
1517	2465
1523	2467
1521	2470
1517	2472
1508	2476
1502	2478
1497	2480
1494	2483
1489	2485
1487	2488
1495	2490
1496	2492
1493	2495
1491	2497
1488	2500
1485	2502
1482	2505
1480	2507
1477	2509
1475	2512
1471	2514
1467	2518
1466	2520
1469	2522
1471	2525
1472	2527
1471	2530
1469	2532
1470	2534
1476	2537
1483	2539
1485	2542
1482	2544
1478	2546
1476	2549
1474	2551
1474	2554
1476	2556
1477	2558
1483	2562
1500	2564
1504	2567
1502	2569
1498	2571
1494	2574
1487	2576
1482	2579
1477	2581
1472	2584
1472	2586
1473	2588
1471	2591
1469	2593
1469	2596
1474	2598
1475	2600
1473	2604
1472	2606
1469	2609
1465	2611
1465	2613
1467	2616
1475	2618
1484	2621
1487	2623
1485	2625
1481	2628
1475	2630
1474	2633
1475	2635
1477	2637
1479	2640
1483	2642
1493	2646
1497	2648
1503	2650
1506	2653
1505	2655
1503	2658
1503	2660
1504	2662
1505	2665
1512	2667
1511	2670
1507	2672
1506	2674
1505	2677
1509	2679
1510	2682
1503	2684
1492	2688
1493	2690
1493	2692
1492	2695
1493	2697
1494	2700
1492	2702
1486	2704
1481	2707
1478	2709
1477	2712
1478	2714
1485	2716
1486	2719
1493	2721
1499	2724
1500	2726
1498	2728
1495	2732
1492	2734
1491	2737
1503	2739
1507	2741
1508	2744
1507	2746
1505	2749
1506	2751
1510	2753
1512	2756
1509	2758
1505	2761
1500	2763
1497	2765
1497	2768
1497	2770
1506	2774
1509	2776
1503	2779
1496	2781
1488	2783
1485	2786
1484	2788
1493	2791
1498	2793
1495	2795
1492	2798
1492	2800
1496	2803
1501	2805
1519	2807
1523	2810
1520	2812
1515	2816
1511	2818
1507	2820
1505	2823
1510	2825
1512	2828
1516	2830
1510	2832
1493	2835
1493	2837
1496	2840
1500	2842
1499	2844
1502	2847
1509	2849
1508	2852
1502	2854
1500	2856
1504	2860
1509	2862
1510	2865
1506	2867
1500	2870
1496	2872
1496	2874
1497	2877
1497	2879
1498	2882
1506	2884
1516	2886
1520	2889
1520	2891
1509	2894
1499	2896
1493	2898
1497	2902
1500	2904
1497	2907
1493	2909
1492	2911
1492	2914
1495	2916
1503	2919
1508	2921
1512	2923
1512	2926
1514	2928
1510	2931
1502	2933
1494	2935
1491	2938
1491	2940
1500	2944
1507	2946
1496	2949
1479	2951
1478	2953
1478	2956
1479	2958
1483	2961
1485	2963
1487	2965
1491	2968
1495	2970
1492	2973
1490	2975
1489	2977
1489	2980
1497	2982
1500	2985
1501	2988
1499	2990
1501	2993
1499	2995
1499	2998
1505	3000
1505	3002
1501	3005
1494	3007
1488	3010
1485	3012
1484	3014
1482	3017
1486	3019
1489	3022
1491	3024
1494	3027
1495	3030
1494	3032
1493	3035
1494	3037
1499	3040
1505	3042
1512	3044
1505	3047
1495	3049
1493	3052
1493	3054
1495	3056
1496	3059
1496	3061
1495	3064
1497	3066
1508	3068
1505	3072
1496	3074
1491	3077
1488	3079
1490	3081
1491	3084
1490	3086
1490	3089
1488	3091
1489	3093
1486	3096
1483	3098
1485	3101
1487	3103
1493	3106
1499	3108
1500	3110
1501	3113
1501	3116
1486	3119
1484	3121
1491	3123
1491	3126
1493	3128
1495	3131
1497	3133
1497	3135
1497	3138
1496	3140
1498	3143
1500	3145
1504	3147
1504	3150
1503	3152
1501	3155
1499	3158
1500	3160
1501	3163
1500	3165
1493	3168
1494	3170
1496	3173
1497	3175
1498	3177
1499	3180
1500	3182
1501	3185
1501	3187
1503	3189
1500	3192
1492	3194
1489	3197
1489	3200
1490	3202
1489	3205
1487	3207
1486	3210
1488	3212
1494	3214
1499	3217
1510	3219
1509	3222
1502	3224
1496	3226
1493	3229
1494	3231
1498	3234
1497	3236
1496	3238
1494	3241
1492	3244
1492	3247
1488	3249
1486	3251
1486	3254
1492	3256
1495	3259
1493	3261
1490	3264
1488	3266
1490	3268
1491	3271
1496	3273
1496	3276
1493	3278
1490	3280
1487	3283
1488	3286
1491	3289
1493	3291
1501	3293
1492	3296
1499	3298
1506	3301
1504	3303
1504	3305
1508	3308
1510	3310
1510	3313
1508	3315
1498	3317
1490	3320
1484	3322
1484	3325
1485	3328
1485	3330
1487	3333
1489	3335
1488	3338
1485	3340
1482	3342
1479	3345
1479	3347
1480	3350
1483	3352
1486	3355
1489	3357
1491	3359
1494	3362
1503	3364
1509	3367
1507	3369
1507	3372
1505	3375
1503	3377
1498	3380
1498	3382
1497	3384
1493	3387
1496	3389
1499	3392
1500	3394
1498	3396
1496	3399
1493	3401
1488	3404
1483	3406
1478	3408
1475	3411
1476	3414
1482	3417
1472	3419
1477	3421
1482	3424
1486	3426
1488	3429
1489	3431
1489	3434
1492	3436
1498	3438
1502	3441
1500	3443
1498	3446
1500	3448
1498	3450
1496	3453
1496	3456
1494	3459
1492	3461
1489	3463
1489	3466
1491	3468
1495	3471
1498	3473
1512	3475
1513	3478
1507	3480
1498	3483
1488	3485
1480	3487
1479	3490
1481	3492
1482	3495
1482	3497
1488	3500
1484	3503
1483	3505
1483	3508
1485	3510
1485	3513
1488	3515
1490	3517
1490	3520
1489	3522
1487	3525
1486	3527
1488	3529
1493	3532
1495	3534
1502	3537
1502	3539
1499	3542
1498	3545
1503	3547
1508	3550
1506	3552
1506	3554
1505	3557
1505	3559
1488	3562
1492	3564
1497	3566
1494	3569
1490	3571
1486	3574
1484	3576
1488	3578
1487	3581
1485	3584
1484	3587
1481	3589
1482	3591
1483	3594
1487	3596
1490	3599
1492	3601
1494	3604
1490	3606
1491	3608
1488	3611
1486	3613
1485	3616
1487	3618
1488	3620
1494	3623
1502	3625
1505	3629
1515	3631
1518	3633
1515	3636
1511	3638
1503	3641
1501	3643
1498	3645
1498	3648
1496	3650
1491	3653
1466	3655
1460	3657
1465	3660
1475	3662
1486	3665
1496	3667
1500	3670
1501	3673
1500	3675
1498	3678
1502	3680
1503	3683
1505	3685
1508	3687
1498	3690
1491	3692
1492	3695
1490	3697
1489	3699
1489	3702
1488	3704
1490	3707
1494	3709
1504	3712
1526	3715
1525	3717
1517	3720
1514	3722
1509	3724
1501	3727
1497	3729
1489	3732
1483	3734
1482	3736
1483	3739
1483	3741
1483	3744
1482	3746
1483	3748
1484	3751
1487	3753
1490	3757
1495	3759
1499	3762
1513	3764
1520	3766
1507	3769
1497	3771
1488	3774
1488	3776
1485	3778
1479	3781
1490	3783
1501	3786
1507	3788
1503	3790
1500	3793
1498	3795
1499	3799
1496	3801
1493	3803
1487	3806
1487	3808
1486	3811
1484	3813
1485	3815
1488	3818
1488	3820
1489	3823
1493	3825
1504	3827
1510	3830
1505	3832
1501	3835
1494	3837
1491	3841
1493	3843
1502	3845
1507	3848
1501	3850
1490	3853
1482	3855
1478	3857
1475	3860
1464	3862
1473	3865
1483	3867
1491	3869
1501	3872
1506	3874
1503	3877
1496	3879
1494	3881
1493	3885
1494	3887
1496	3890
1503	3892
1505	3894
1502	3897
1500	3899
1500	3902
1500	3904
1499	3906
1489	3909
1486	3911
1487	3914
1490	3916
1493	3918
1495	3921
1496	3923
1493	3927
1484	3929
1478	3932
1480	3934
1493	3936
1501	3939
1502	3941
1498	3944
1491	3946
1491	3948
1490	3951
1490	3953
1491	3956
1499	3958
1498	3960
1486	3963
1496	3965
1497	3969
1497	3971
1494	3973
1490	3976
1490	3978
1491	3981
1492	3983
1493	3985
1492	3988
1495	3990
1509	3993
1506	3995
1506	3997
1503	4000
1503	4002
1500	4005
1499	4007
1497	4011
1498	4013
1496	4015
1500	4018
1496	4020
1491	4023
1483	4025
1484	4027
1492	4030
1500	4032
1507	4035
1514	4037
1519	4039
1522	4042
1517	4044
1508	4047
1497	4049
1492	4051
1489	4055
1489	4057
1489	4060
1495	4062
1492	4064
1495	4067
1492	4069
1482	4072
1492	4074
1505	4076
1506	4079
1502	4081
1499	4084
1492	4086
1482	4088
1474	4091
1473	4093
1478	4097
1483	4099
1486	4101
1490	4104
1492	4106
1493	4109
1495	4111
1498	4114
1502	4116
1508	4118
1504	4121
1518	4123
1518	4126
1513	4128
1509	4130
1506	4133
1503	4135
1501	4139
1499	4141
1498	4143
1508	4146
1516	4148
1518	4151
1510	4153
1503	4155
1494	4158
1486	4160
1486	4163
1490	4165
1490	4167
1490	4170
1474	4172
1481	4175
1489	4177
1498	4179
1497	4183
1491	4185
1483	4188
1477	4190
1479	4193
1482	4195
1488	4197
1489	4200
1497	4202
1507	4205
1506	4207
1502	4209
1497	4212
1495	4214
1494	4217
1496	4219
1496	4221
1501	4225
1499	4227
1489	4230
1487	4232
1493	4234
1498	4237
1490	4239
1484	4242
1478	4244
1475	4246
1479	4249
1484	4251
1489	4254
1487	4256
1489	4258
1493	4261
1495	4263
1496	4267
1500	4269
1501	4271
1501	4274
1504	4276
1502	4279
1498	4281
1496	4284
1496	4286
1500	4288
1502	4291
1497	4293
1481	4296
1477	4298
1484	4300
1492	4303
1501	4305
1505	4308
1507	4311
1509	4313
1505	4316
1501	4318
1496	4321
1489	4323
1481	4325
1477	4328
1478	4330
1479	4333
1486	4335
1497	4337
1503	4340
1507	4342
1511	4345
1517	4347
1514	4349
1507	4353
1505	4355
1508	4358
1509	4360
1511	4363
1513	4365
1512	4367
1509	4370
1513	4372
1514	4375
1507	4377
1506	4379
1501	4382
1509	4384
1511	4387
1509	4389
1503	4391
1500	4395
1496	4397
1494	4400
1493	4402
1490	4404
1489	4407
1489	4409
1484	4412
1479	4414
1479	4416
1482	4419
1487	4421
1496	4424
1503	4426
1501	4429
1499	4431
1499	4433
1501	4436
1500	4439
1503	4442
1506	4444
1505	4446
1503	4449
1501	4451
1490	4454
1477	4456
1485	4458
1491	4461
1494	4463
1494	4466
1492	4468
1487	4470
1483	4473
1480	4475
1481	4478
1492	4481
1497	4483
1499	4486
1493	4488
1495	4491
1498	4493
1500	4495
1499	4498
1499	4500
1499	4503
1499	4505
1500	4507
1503	4510
1500	4512
1500	4515
1501	4517
1502	4520
1505	4523
1503	4525
1501	4528
1499	4530
1498	4533
1499	4535
1498	4537
1490	4540
1485	4542
1484	4545
1485	4547
1487	4549
1488	4552
1487	4554
1488	4557
1489	4559
1496	4561
1505	4564
1506	4567
1503	4570
1499	4572
1495	4574
1496	4577
1484	4579
1493	4582
1504	4584
1507	4586
1511	4589
1508	4591
1503	4594
1502	4596
1506	4599
1502	4601
1503	4603
1500	4606
1499	4609
1496	4612
1494	4614
1491	4616
1490	4619
1492	4621
1494	4624
1499	4626
1503	4628
1497	4631
1492	4633
1488	4636
1490	4638
1494	4640
1499	4643
1502	4645
1502	4648
1500	4651
1496	4653
1494	4656
1497	4658
1499	4661
1502	4663
1499	4665
1503	4668
1502	4670
1500	4673
1500	4675
1501	4678
1500	4680
1498	4682
1503	4685
1511	4687
1512	4690
1509	4692
1501	4695
1492	4698
1488	4700
1487	4703
1488	4705
1485	4707
1484	4710
1483	4712
1489	4715
1490	4717
1489	4719
1488	4722
1488	4724
1487	4727
1489	4729
1493	4731
1501	4734
1504	4737
1498	4740
1501	4742
1503	4745
1503	4747
1501	4749
1497	4752
1495	4754
1494	4757
1496	4759
1496	4761
1483	4764
1489	4766
1500	4769
1503	4771
1499	4773
1498	4776
1498	4779
1497	4782
1496	4784
1495	4786
1493	4789
1490	4791
1488	4794
1489	4796
1493	4798
1495	4801
1502	4803
1504	4806
1503	4808
1500	4811
1497	4813
1499	4815
1500	4818
1496	4820
1494	4824
1494	4826
1498	4828
1498	4831
1498	4833
1498	4836
1496	4838
1494	4840
1508	4843
1493	4845
1498	4848
1509	4850
1509	4852
1500	4855
1493	4857
1489	4860
1487	4862
1492	4865
1492	4868
1497	4870
1500	4873
1499	4875
1493	4877
1493	4880
1493	4882
1490	4885
1489	4887
1488	4889
1488	4892
1494	4894
1503	4897
1511	4899
1513	4902
1509	4904
1501	4907
1496	4910
1495	4912
1493	4915
1492	4917
1489	4919
1488	4922
1490	4924
1490	4927
1490	4929
1492	4931
1494	4934
1493	4936
1494	4939
1478	4941
1479	4943
1480	4946
1480	4948
1484	4952
1488	4954
1492	4956
1494	4959
1498	4961
1505	4964
1500	4966
1501	4969
1498	4971
1497	4973
1500	4976
1503	4978
1502	4981
1502	4983
1499	4985
1500	4988
1494	4990
1498	4994
1500	4996
1498	4998
1500	5001
1494	5003
1496	5006
1500	5008
1503	5010
1504	5013
1498	5015
1490	5018
1484	5020
1492	5022
1493	5025
1490	5027
1489	5030
1490	5032
1495	5035
1499	5038
1496	5040
1495	5043
1490	5045
1486	5048
1487	5050
1491	5052
1491	5055
1493	5057
1493	5060
1496	5062
1500	5064
1505	5067
1494	5069
1494	5072
1496	5074
1490	5076
1490	5080
1489	5082
1495	5085
1498	5087
1498	5089
1497	5092
1501	5094
1487	5097
1485	5099
1493	5101
1492	5104
1491	5106
1490	5109
1490	5111
1489	5114
1488	5116
1487	5118
1485	5122
1480	5124
1474	5127
1469	5129
1471	5131
1479	5134
1486	5136
1490	5139
1493	5141
1500	5143
1507	5146
1510	5148
1509	5151
1501	5153
1496	5155
1495	5158
1495	5160
1495	5164
1495	5166
1499	5168
1498	5171
1499	5173
1498	5176
1494	5178
1490	5180
1487	5183
1488	5185
1490	5188
1492	5190
1490	5192
1487	5195
1486	5197
1486	5200
1490	5202
1492	5206
1492	5208
1493	5210
1494	5213
1499	5215
1504	5218
1497	5220
1488	5222
1497	5225
1501	5227
1509	5230
1503	5232
1503	5234
1502	5237
1505	5239
1515	5242
1518	5244
1516	5246
1505	5250
1483	5252
1477	5255
1482	5257
1487	5259
1494	5262
1494	5264
1499	5267
1503	5269
1502	5272
1500	5274
1498	5276
1498	5279
1498	5281
1496	5284
1496	5286
1495	5288
1495	5292
1494	5294
1478	5297
1490	5299
1504	5301
1508	5304
1504	5306
1495	5309
1482	5311
1485	5313
1494	5316
1499	5318
1498	5321
1504	5323
1512	5325
1515	5328
1533	5330
1533	5334
1523	5336
1513	5338
1507	5341
1503	5343
1501	5346
1499	5348
1498	5351
1496	5353
1496	5355
1495	5358
1494	5360
1492	5363
1487	5365
1482	5367
1480	5370
1484	5372
1488	5376
1487	5378
1474	5380
1469	5383
1485	5385
1501	5388
1503	5390
1506	5392
1510	5395
1512	5397
1509	5400
1507	5402
1495	5404
1491	5407
1499	5409
1502	5412
1500	5414
1487	5416
1494	5420
1502	5422
1502	5425
1497	5427
1493	5430
1497	5432
1499	5434
1500	5437
1498	5439
1500	5442
1504	5444
1507	5446
1503	5449
1505	5451
1504	5454
1500	5456
1504	5458
1488	5462
1484	5464
1491	5467
1501	5469
1506	5471
1505	5474
1503	5476
1503	5479
1504	5481
1506	5483
1503	5486
1501	5488
1499	5491
1509	5493
1509	5495
1510	5498
1510	5500
1508	5504
1505	5506
1507	5509
1506	5511
1502	5513
1500	5516
1496	5518
1490	5521
1489	5523
1489	5525
1491	5528
1484	5530
1485	5533
1484	5535
1485	5537
1486	5540
1488	5542
1457	5545
1465	5548
1485	5550
1492	5553
1491	5555
1489	5558
1488	5560
1491	5562
1495	5565
1494	5567
1491	5570
1492	5572
1489	5575
1489	5577
1489	5579
1490	5582
1493	5584
1494	5587
1493	5590
1485	5592
1484	5595
1477	5597
1478	5600
1483	5602
1484	5604
1483	5607
1484	5609
1486	5612
1489	5614
1492	5616
1494	5619
1496	5621
1477	5624
1462	5626
1486	5628
1505	5632
1505	5634
1498	5637
1491	5639
1484	5641
1479	5644
1477	5646
1480	5649
1477	5651
1477	5654
1469	5656
1466	5658
1460	5661
1463	5663
1470	5666
1477	5668
1482	5670
1487	5673
1491	5676
1492	5679
1493	5681
1505	5683
1505	5686
1502	5688
1498	5691
1493	5693
1487	5695
1484	5698
1483	5700
1485	5703
1476	5705
1474	5707
1477	5710
1469	5712
1466	5715
1474	5718
1477	5720
1474	5723
1474	5725
1471	5728
1462	5730
1457	5733
1457	5735
1464	5737
1470	5740
1478	5742
1489	5745
1504	5747
1510	5749
1512	5752
1506	5754
1502	5757
1496	5760
1491	5762
1487	5765
1482	5767
1482	5770
1480	5772
1476	5774
1471	5777
1467	5779
1466	5782
1472	5784
1478	5786
1481	5789
1483	5791
1487	5794
1479	5796
1461	5798
1457	5801
1467	5804
1475	5807
1474	5809
1476	5812
1480	5814
1485	5816
1486	5819
1486	5821
1486	5824
1476	5826
1474	5828
1478	5831
1481	5833
1481	5836
1482	5838
1486	5840
1486	5843
1489	5846
1487	5849
1492	5851
1490	5853
1487	5856
1487	5858
1485	5861
1484	5863
1486	5865
1485	5868
1478	5870
1470	5873
1466	5875
1483	5877
1490	5880
1493	5882
1490	5885
1497	5888
1505	5891
1503	5893
1492	5895
1486	5898
1481	5900
1474	5903
1467	5905
1460	5907
1460	5910
1464	5912
1471	5915
1478	5917
1483	5919
1482	5922
1488	5924
1499	5927
1514	5929
1513	5932
1507	5935
1503	5937
1499	5940
1500	5942
1483	5944
1497	5947
1509	5949
1506	5952
1496	5954
1490	5957
1489	5959
1490	5961
1491	5964
1495	5966
1498	5969
1481	5971
1463	5974
1470	5977
1473	5979
1471	5982
1472	5984
1477	5986
1477	5989
1478	5991
1494	5994
1501	5996
1501	5998
1492	6001
1481	6003
1478	6006
1471	6008
1476	6010
1494	6013
1503	6016
1501	6019
1500	6021
1506	6023
1471	6026
1468	6028
1499	6031
1501	6033
1488	6036
1473	6038
1461	6040
1466	6043
1472	6045
1469	6048
1469	6050
1467	6052
1459	6055
1460	6057
1473	6061
1477	6063
1476	6065
1475	6068
1477	6070
1481	6073
1485	6075
1486	6077
1469	6080
1473	6082
1487	6085
1496	6087
1493	6089
1487	6092
1487	6094
1485	6097
1485	6099
1490	6103
1496	6105
1495	6107
1478	6110
1461	6112
1458	6115
1469	6117
1479	6119
1481	6122
1479	6124
1476	6127
1488	6129
1493	6131
1485	6134
1486	6136
1486	6139
1484	6141
1482	6144
1483	6147
1482	6149
1468	6152
1466	6154
1478	6156
1490	6159
1496	6161
1498	6164
1496	6166
1498	6168
1502	6171
1503	6173
1514	6176
1519	6178
1506	6181
1495	6183
1506	6185
1519	6189
1518	6191
1508	6194
1490	6196
1479	6198
1471	6201
1460	6203
1457	6206
1474	6208
1484	6210
1484	6213
1480	6215
1483	6218
1484	6220
1485	6222
1490	6225
1484	6227
1489	6231
1499	6233
1494	6235
1490	6238
1487	6240
1487	6243
1485	6245
1482	6247
1480	6250
1484	6252
1500	6255
1506	6257
1499	6260
1493	6262
1498	6264
1491	6267
1506	6269
1512	6273
1502	6275
1493	6277
1488	6280
1500	6282
1469	6285
1474	6287
1493	6289
1495	6292
1491	6294
1487	6297
1488	6299
1490	6301
1489	6304
1466	6306
1477	6309
1485	6311
1477	6313
1483	6317
1492	6319
1496	6322
1504	6324
1514	6327
1520	6329
1520	6331
1505	6334
1493	6336
1487	6339
1481	6341
1492	6343
1497	6346
1471	6348
1458	6351
1467	6353
1481	6355
1489	6359
1454	6361
1452	6364
1501	6366
1521	6368
1510	6371
1497	6373
1489	6376
1483	6378
1481	6380
1469	6383
1486	6385
1511	6388
1505	6390
1504	6393
1502	6395
1493	6397
1483	6401
1485	6403
1486	6406
1487	6408
1487	6410
1489	6413
1485	6415
1474	6418
1455	6420
1451	6422
1463	6425
1479	6427
1479	6430
1474	6432
1471	6434
1470	6437
1476	6439
1500	6443
1488	6445
1514	6447
1538	6450
1533	6452
1508	6455
1496	6457
1489	6459
1473	6462
1493	6464
1509	6467
1510	6469
1505	6471
1500	6474
1490	6476
1486	6479
1504	6481
1517	6484
1507	6487
1494	6489
1487	6492
1480	6494
1472	6497
1465	6499
1463	6501
1470	6504
1478	6506
1483	6509
1485	6511
1488	6513
1467	6516
1479	6518
1507	6521
1509	6523
1508	6525
1514	6529
1513	6531
1503	6534
1501	6536
1511	6538
1498	6541
1489	6543
1508	6546
1508	6548
1499	6550
1496	6553
1496	6555
1483	6558
1495	6560
1511	6562
1508	6565
1489	6567
1480	6571
1481	6573
1480	6576
1484	6578
1500	6580
1511	6583
1513	6585
1507	6588
1505	6590
1492	6592
1478	6595
1484	6597
1490	6600
1496	6602
1498	6604
1505	6607
1524	6609
1527	6612
1524	6615
1535	6617
1519	6620
1506	6622
1498	6625
1495	6627
1482	6629
1493	6632
1499	6634
1494	6637
1485	6639
1483	6641
1488	6644
1487	6646
1490	6649
1515	6651
1514	6654
1514	6657
1510	6659
1498	6662
1496	6664
1495	6667
1495	6669
1506	6671
1521	6674
1520	6676
1533	6679
1523	6681
1506	6683
1499	6686
1502	6688
1504	6691
1518	6693
1505	6695
1503	6699
1547	6701
1561	6704
1533	6706
1512	6708
1502	6711
1501	6713
1505	6716
1501	6718
1501	6720
1500	6723
1492	6725
1490	6728
1493	6730
1496	6733
1499	6735
1499	6737
1497	6740
1493	6743
1488	6746
1489	6748
1485	6750
1501	6753
1529	6755
1531	6758
1534	6760
1539	6762
1520	6765
1503	6767
1496	6770
1495	6772
1500	6774
1508	6777
1501	6779
1506	6782
1508	6785
1501	6787
1498	6790
1499	6792
1505	6795
1506	6797
1508	6799
1515	6802
1502	6804
1512	6807
1518	6809
1507	6812
1500	6814
1501	6816
1502	6819
1500	6821
1495	6824
1485	6827
1475	6829
1477	6832
1486	6834
1494	6837
1519	6839
1502	6841
1526	6844
1542	6846
1523	6849
1508	6851
1503	6853
1502	6856
1501	6858
1501	6861
1503	6863
1510	6865
1513	6868
1511	6871
1512	6874
1509	6876
1502	6878
1500	6881
1499	6883
1502	6886
1514	6888
1514	6891
1515	6893
1509	6895
1506	6898
1500	6900
1498	6903
1496	6905
1496	6907
1497	6910
1497	6913
1497	6916
1485	6918
1486	6920
1496	6923
1495	6925
1489	6928
1489	6930
1491	6932
1492	6935
1494	6937
1496	6940
1499	6942
1501	6944
1506	6947
1510	6949
1513	6952
1519	6955
1538	6957
1539	6960
1519	6962
1503	6965
1495	6967
1490	6970
1492	6972
1495	6974
1483	6977
1475	6979
1478	6982
1475	6984
1472	6986
1474	6989
1482	6991
1487	6994
1491	6996
1508	6999
1513	7002
1526	7004
1531	7007
1523	7009
1507	7011
1500	7014
1496	7016
1495	7019
1495	7021
1495	7023
1493	7026
1482	7028
1470	7031
1479	7033
1485	7036
1490	7038
1500	7041
1504	7044
1524	7046
1531	7049
1517	7051
1497	7053
1487	7056
1482	7058
1475	7061
1466	7063
1466	7065
1477	7068
1483	7070
1488	7073
1493	7075
1504	7077
1499	7080
1511	7083
1527	7086
1520	7088
1503	7090
1497	7093
1496	7095
1495	7098
1494	7100
1494	7102
1496	7105
1498	7107
1497	7110
1511	7112
1510	7115
1503	7117
1499	7119
1496	7122
1495	7124
1497	7128
1489	7130
1487	7132
1492	7135
1492	7137
1475	7140
1478	7142
1487	7144
1491	7147
1492	7149
1493	7152
1492	7154
1490	7156
1486	7159
1484	7161
1486	7164
1491	7166
1497	7169
1505	7172
1499	7174
1502	7177
1503	7179
1502	7182
1499	7184
1491	7186
1494	7189
1498	7191
1503	7194
1505	7196
1505	7198
1503	7201
1500	7203
1497	7206
1484	7208
1489	7211
1505	7214
1512	7216
1512	7219
1505	7221
1500	7223
1500	7226
1500	7228
1499	7231
1490	7233
1483	7235
1486	7238
1505	7240
1511	7243
1513	7245
1507	7247
1508	7250
1502	7252
1509	7256
1500	7258
1495	7261
1503	7263
1485	7265
1490	7268
1500	7270
1499	7273
1494	7275
1493	7277
1495	7280
1497	7282
1495	7285
1492	7287
1496	7289
1505	7292
1514	7294
1508	7298
1502	7300
1497	7302
1497	7305
1492	7307
1469	7310
1462	7312
1481	7315
1491	7317
1487	7319
1487	7322
1498	7324
1489	7327
1490	7329
1502	7331
1499	7334
1497	7336
1501	7340
1502	7342
1509	7344
1509	7347
1498	7349
1493	7352
1493	7354
1494	7356
1491	7359
1484	7361
1479	7364
1467	7366
1458	7368
1473	7371
1493	7373
1498	7376
1496	7378
1494	7382
1486	7384
1502	7386
1514	7389
1514	7391
1508	7394
1497	7396
1480	7398
1489	7401
1507	7403
1512	7406
1512	7408
1506	7410
1502	7413
1495	7415
1489	7418
1489	7420
1496	7422
1492	7426
1491	7428
1488	7431
1485	7433
1486	7435
1488	7438
1476	7440
1486	7443
1491	7445
1488	7447
1492	7450
1496	7452
1498	7455
1486	7457
1504	7460
1516	7462
1508	7464
1493	7468
1503	7470
1503	7473
1499	7475
1488	7477
1484	7480
1487	7482
1490	7485
1491	7487
1492	7489
1494	7492
1498	7494
1499	7497
1496	7499
1496	7501
1491	7504
1486	7506
1490	7510
1494	7512
1496	7514
1499	7517
1494	7519
1490	7522
1487	7524
1487	7527
1473	7529
1461	7531
1479	7534
1494	7536
1496	7539
1498	7541
1500	7543
1493	7546
1490	7548
1503	7552
1515	7554
1520	7556
1515	7559
1510	7561
1514	7564
1516	7566
1509	7568
1498	7571
1492	7573
1491	7576
1494	7578
1489	7580
1475	7583
1462	7585
1476	7588
1491	7590
1497	7593
1502	7596
1499	7598
1498	7601
1497	7603
1492	7606
1490	7608
1469	7610
1468	7613
1487	7615
1491	7618
1493	7620
1498	7622
1505	7625
1501	7627
1503	7630
1502	7632
1498	7634
1477	7638
1478	7640
1508	7643
1527	7645
1507	7647
1495	7650
1488	7652
1486	7655
1487	7657
1486	7660
1483	7662
1485	7664
1484	7667
1487	7669
1497	7672
1500	7674
1491	7676
1493	7680
1493	7682
1498	7685
1485	7687
1477	7689
1486	7692
1487	7694
1493	7697
1502	7699
1503	7701
1494	7704
1491	7706
1500	7709
1489	7711
1496	7713
1479	7716
1509	7718
1513	7721
1509	7724
1502	7726
1499	7729
1479	7731
1454	7734
1458	7736
1464	7739
1473	7741
1483	7743
1489	7746
1479	7748
1497	7751
1508	7753
1499	7755
1481	7758
1482	7760
1491	7763
1496	7766
1498	7768
1498	7771
1498	7773
1489	7776
1489	7778
1489	7780
1496	7783
1502	7785
1500	7788
1508	7790
1478	7792
1470	7795
1494	7797
1503	7800
1493	7802
1490	7805
1498	7808
1505	7810
1500	7813
1506	7815
1506	7818
1502	7820
1498	7822
1496	7825
1497	7827
1499	7830
1505	7832
1501	7834
1497	7837
1492	7839
1500	7842
1486	7844
1480	7846
1477	7849
1481	7852
1487	7855
1493	7857
1494	7859
1490	7862
1494	7864
1502	7867
1500	7869
1497	7872
1496	7874
1498	7876
1501	7879
1501	7881
1499	7884
1497	7886
1494	7888
1494	7891
1499	7894
1499	7897
1484	7899
1500	7901
1518	7904
1534	7906
1526	7909
1516	7911
1511	7913
1507	7916
1505	7918
1505	7921
1481	7923
1487	7925
1494	7928
1491	7930
1489	7933
1488	7936
1489	7939
1491	7941
1496	7943
1500	7946
1495	7948
1495	7951
1495	7953
1487	7955
1496	7958
1495	7960
1506	7963
1507	7965
1502	7967
1484	7970
1479	7972
1489	7975
1492	7977
1492	7980
1488	7983
1490	7985
1496	7988
1528	7990
1534	7992
1528	7995
1518	7997
1511	8000
1506	8002
1505	8005
1504	8007
1502	8009
1497	8012
1497	8014
1504	8017
1503	8019
1496	8022
1493	8025
1481	8027
1461	8030
1491	8032
1532	8034
1534	8037
1527	8039
1507	8042
1488	8044
1448	8046
1436	8049
1460	8051
1476	8054
1480	8056
1487	8058
1493	8061
1497	8064
1494	8067
1493	8069
1501	8071
1508	8074
1505	8076
1494	8079
1492	8081
1497	8083
1501	8086
1504	8088
1492	8091
1492	8093
1493	8096
1515	8098
1508	8100
1509	8103
1520	8105
1519	8109
1509	8111
1505	8113
1504	8116
1501	8118
1470	8121
1461	8123
1481	8125
1493	8128
1503	8130
1507	8133
1509	8135
1510	8137
1497	8140
1505	8142
1515	8145
1496	8147
1496	8150
1500	8153
1498	8155
1499	8158
1509	8160
1513	8162
1498	8165
1486	8167
1503	8170
1502	8172
1491	8175
1487	8177
1505	8179
1520	8182
1516	8184
1513	8187
1506	8189
1494	8192
1491	8195
1500	8197
1511	8200
1483	8202
1471	8204
1492	8207
1502	8209
1498	8212
1500	8214
1506	8216
1497	8219
1488	8221
1509	8224
1519	8226
1522	8228
1517	8231
1512	8233
1510	8237
1472	8239
1491	8241
1511	8244
1512	8246
1503	8249
1505	8251
1505	8254
1505	8256
1506	8258
1507	8261
1505	8263
1498	8266
1482	8268
1475	8270
1491	8273
1499	8275
1502	8279
1506	8281
1507	8283
1502	8286
1510	8288
1523	8291
1527	8293
1517	8295
1509	8298
1507	8300
1488	8303
1461	8305
1474	8307
1486	8310
1491	8312
1493	8315
1497	8317
1503	8320
1510	8323
1511	8325
1507	8328
1506	8330
1509	8333
1495	8335
1495	8337
1494	8340
1510	8342
1518	8345
1517	8347
1514	8349
1511	8352
1491	8354
1487	8357
1502	8359
1502	8361
1495	8365
1497	8367
1505	8370
1508	8372
1520	8374
1524	8377
1523	8379
1519	8382
1510	8384
1503	8386
1501	8389
1498	8391
1499	8394
1507	8396
1509	8398
1499	8401
1494	8403
1498	8407
1505	8409
1501	8412
1493	8414
1504	8416
1510	8419
1479	8421
1477	8424
1507	8426
1520	8428
1513	8431
1507	8433
1501	8436
1497	8438
1496	8440
1495	8443
1499	8445
1490	8449
1494	8451
1504	8453
1505	8456
1502	8458
1499	8461
1496	8463
1499	8465
1503	8468
1491	8470
1485	8473
1498	8475
1506	8477
1502	8480
1500	8482
1503	8485
1505	8487
1502	8491
1508	8493
1485	8495
1495	8498
1487	8500
1508	8503
1511	8505
1508	8507
1501	8510
1499	8512
1497	8515
1497	8517
1499	8519
1494	8522
1474	8524
1474	8527
1490	8529
1498	8531
1495	8535
1495	8537
1499	8540
1500	8542
1500	8544
1502	8547
1505	8549
1508	8552
1514	8554
1504	8556
1490	8559
1500	8561
1517	8564
1517	8566
1509	8569
1503	8571
1499	8573
1496	8577
1493	8579
1488	8582
1483	8584
1477	8586
1483	8589
1465	8591
1482	8594
1502	8596
1509	8598
1509	8601
1497	8603
1493	8606
1496	8608
1500	8610
1503	8613
1505	8615
1511	8619
1506	8621
1503	8623
1491	8626
1491	8628
1502	8631
1506	8633
1504	8636
1501	8638
1499	8640
1495	8643
1492	8645
1486	8648
1474	8650
1483	8652
1491	8655
1492	8657
1493	8660
1469	8663
1459	8665
1462	8668
1470	8670
1477	8673
1486	8675
1491	8677
1479	8680
1470	8682
1480	8685
1502	8687
1511	8689
1510	8692
1507	8694
1511	8697
1516	8699
1510	8701
1507	8705
1484	8707
1473	8710
1476	8712
1496	8715
1503	8717
1502	8719
1501	8722
1496	8724
1488	8727
1477	8729
1475	8731
1476	8734
1474	8736
1467	8739
1468	8741
1479	8743
1492	8747
1494	8749
1490	8752
1485	8754
1473	8756
1479	8759
1484	8761
1487	8764
1476	8766
1475	8768
1497	8771
1477	8773
1466	8776
1497	8778
1507	8781
1498	8783
1498	8785
1454	8788
1445	8791
1473	8794
1495	8796
1490	8798
1485	8801
1486	8803
1489	8806
1491	8808
1491	8810
1503	8813
1493	8815
1493	8818
1505	8820
1497	8822
1484	8825
1473	8827
1462	8830
1472	8833
1466	8835
1461	8838
1456	8840
1462	8843
1467	8845
1469	8847
1479	8850
1452	8852
1450	8855
1482	8857
1498	8860
1494	8862
1491	8864
1490	8867
1481	8869
1458	8872
1466	8875
1479	8877
1504	8880
1511	8882
1513	8885
1505	8887
1498	8889
1495	8892
1495	8894
1495	8897
1492	8899
1485	8901
1474	8904
1480	8906
1486	8909
1492	8911
1497	8913
1500	8916
1499	8919
1489	8922
1482	8924
1477	8927
1482	8929
1487	8931
1463	8934
1468	8936
1493	8939
1503	8941
1503	8943
1499	8946
1498	8948
1498	8951
1498	8953
1495	8955
1477	8958
1495	8961
1503	8964
1498	8966
1483	8968
1478	8971
1485	8973
1497	8976
1487	8978
1478	8980
1494	8983
1503	8985
1504	8988
1488	8990
1485	8992
1498	8995
1502	8997
1489	9000
1474	9003
1470	9006
1475	9008
1483	9010
1484	9013
1491	9015
1487	9018
1480	9020
1482	9022
1486	9025
1490	9027
1489	9030
1488	9032
1491	9034
1479	9037
1480	9039
1498	9042
1477	9044
1469	9047
1493	9050
1496	9052
1486	9055
1482	9057
1483	9059
1487	9062
1476	9064
1480	9067
1496	9069
1526	9071
1530	9074
1505	9076
1495	9079
1490	9081
1487	9084
1486	9086
1484	9089
1485	9092
1466	9094
1443	9097
1449	9099
1460	9101
1467	9104
1474	9106
1480	9109
1486	9111
1486	9113
1483	9116
1497	9118
1511	9121
1508	9123
1498	9125
1488	9128
1492	9131
1500	9134
1498	9136
1495	9138
1496	9141
1495	9143
1484	9146
1486	9148
1490	9151
1477	9153
1470	9155
1463	9158
1462	9160
1465	9163
1466	9165
1469	9167
1478	9170
1480	9172
1482	9176
1482	9178
1480	9180
1479	9183
1483	9185
1487	9188
1499	9190
1499	9192
1494	9195
1494	9197
1492	9200
1495	9202
1485	9204
1479	9207
1449	9209
1461	9212
1488	9214
1488	9217
1489	9220
1488	9222
1503	9225
1510	9227
1505	9230
1494	9232
1487	9234
1478	9237
1471	9239
1471	9242
1477	9244
1486	9246
1497	9249
1497	9251
1489	9254
1476	9256
1474	9259
1476	9262
1460	9264
1462	9267
1490	9269
1507	9271
1499	9274
1502	9276
1502	9279
1485	9281
1480	9283
1480	9286
1461	9288
1469	9291
1479	9293
1483	9296
1488	9298
1491	9300
1485	9304
1487	9306
1492	9309
1501	9311
1496	9313
1491	9316
1476	9318
1485	9321
1478	9323
1497	9325
1517	9328
1513	9330
1508	9333
1509	9335
1510	9337
1508	9340
1503	9342
1468	9346
1433	9348
1434	9351
1460	9353
1474	9355
1481	9358
1487	9360
1496	9363
1500	9365
1493	9367
1496	9370
1499	9372
1497	9375
1492	9377
1482	9379
1483	9382
1484	9384
1495	9388
1507	9390
1512	9392
1511	9395
1510	9397
1496	9400
1474	9402
1450	9404
1444	9407
1469	9409
1486	9412
1495	9414
1501	9417
1505	9419
1504	9421
1495	9424
1491	9426
1480	9430
1499	9432
1497	9434
1507	9437
1522	9439
1523	9442
1505	9444
1490	9446
1480	9449
1469	9451
1475	9454
1483	9456
1471	9458
1449	9461
1473	9463
1503	9466
1513	9468
1512	9470
1510	9474
1503	9476
1489	9479
1481	9481
1493	9484
1500	9486
1503	9488
1505	9491
1498	9493
1506	9496
1458	9498
1435	9500
1463	9503
1480	9505
1491	9508
1491	9510
1482	9512
1479	9516
1456	9518
1479	9521
1503	9523
1504	9525
1495	9528
1497	9530
1500	9533
1503	9535
1505	9537
1484	9540
1463	9542
1484	9545
1498	9547
1489	9550
1485	9552
1488	9554
1492	9558
1494	9560
1498	9563
1475	9565
1437	9567
1444	9570
1469	9572
1477	9575
1484	9577
1482	9579
1484	9582
1493	9584
1501	9587
1494	9589
1495	9591
1493	9594
1493	9596
1496	9600
1499	9602
1502	9604
1490	9607
1468	9609
1483	9612
1498	9614
1492	9617
1486	9619
1489	9621
1493	9624
1496	9626
1497	9629
1497	9631
1498	9633
1498	9636
1495	9638
1503	9641
1502	9644
1479	9646
1461	9649
1465	9651
1475	9654
1472	9656
1478	9658
1481	9661
1468	9663
1460	9666
1474	9668
1482	9670
1481	9673
1488	9675
1476	9678
1466	9680
1479	9682
1495	9686
1504	9688
1498	9691
1479	9693
1478	9696
1487	9698
1491	9700
1497	9703
1497	9705
1491	9708
1485	9710
1480	9712
1480	9715
1488	9717
1489	9720
1487	9722
1487	9724
1483	9728
1481	9730
1480	9733
1475	9735
1473	9737
1457	9740
1479	9742
1491	9745
1480	9747
1475	9749
1479	9752
1484	9754
1490	9757
1490	9759
1487	9761
1478	9764
1464	9766
1464	9769
1471	9772
1474	9775
1478	9777
1479	9779
1487	9782
1491	9784
1491	9787
1492	9789
1484	9791
1474	9794
1465	9796
1471	9799
1478	9801
1484	9803
1494	9806
1499	9808
1500	9811
1498	9814
1490	9816
1474	9819
1475	9821
1488	9824
1500	9826
1507	9828
1506	9831
1500	9833
1496	9836
1489	9838
1481	9841
1482	9843
1460	9845
1480	9848
1508	9850
1509	9853
1505	9856
1506	9858
1505	9861
1504	9863
1503	9866
1503	9868
1501	9870
1499	9873
1487	9875
1481	9878
1464	9880
1472	9882
1488	9885
1497	9887
1501	9890
1501	9892
1505	9894
1504	9897
1492	9900
1481	9903
1489	9905
1490	9908
1490	9910
1493	9912
1499	9915
1498	9917
1480	9920
1459	9922
1473	9924
1477	9927
1493	9929
1503	9932
1508	9934
1509	9936
1509	9939
1510	9942
1510	9945
1512	9947
1506	9949
1510	9952
1511	9954
1504	9957
1501	9959
1500	9961
1500	9964
1500	9966
1496	9969
1490	9971
1463	9974
1461	9976
1479	9978
1486	9981
1485	9984
1489	9987
1498	9989
1503	9991
1504	9994
1502	9996
1497	9999
1482	10001
1483	10003
1493	10006
1499	10008
1502	10011
1505	10013
1507	10016
1491	10018
1488	10021
1507	10023
1525	10027
1519	10029
1509	10031
1504	10034
1504	10036
1494	10039
1472	10041
1473	10044
1493	10046
1508	10049
1509	10051
1505	10054
1502	10056
1499	10058
1470	10061
1453	10063
1467	10066
1484	10068
1485	10072
1488	10074
1496	10077
1497	10079
1493	10082
1480	10084
1487	10087
1491	10089
1469	10091
1479	10094
1498	10096
1503	10099
1501	10101
1493	10104
1489	10106
1497	10109
1501	10112
1504	10115
1510	10117
1503	10119
1503	10122
1509	10124
1503	10127
1501	10129
1499	10132
1495	10134
1467	10137
1451	10139
1420	10142
1443	10144
1482	10146
1505	10149
1500	10151
1496	10155
1498	10157
1502	10160
1500	10162
1506	10165
1508	10167
1505	10170
1505	10172
1507	10175
1511	10177
1514	10179
1514	10182
1510	10184
1501	10187
1504	10189
1464	10192
1448	10194
1487	10198
1502	10200
1504	10203
1513	10205
1513	10207
1504	10210
1498	10212
1497	10215
1496	10217
1497	10220
1507	10222
1515	10225
1520	10227
1506	10230
1512	10232
1517	10234
1509	10237
1510	10240
1499	10243
1498	10245
1505	10248
1506	10250
1505	10253
1507	10255
1496	10258
1483	10260
1470	10263
1443	10265
1465	10267
1496	10270
1509	10272
1509	10275
1506	10277
1503	10280
1497	10283
1502	10286
1492	10288
1498	10291
1510	10293
1506	10295
1502	10298
1505	10300
1506	10303
1501	10305
1501	10308
1506	10310
1497	10313
1483	10315
1490	10318
1502	10320
1505	10322
1505	10326
1504	10328
1450	10331
1413	10333
1480	10336
1526	10338
1527	10341
1514	10343
1513	10346
1518	10348
1521	10350
1464	10353
1462	10355
1488	10358
1503	10360
1505	10363
1509	10365
1513	10369
1514	10371
1509	10374
1492	10376
1489	10379
1502	10381
1502	10383
1507	10386
1510	10388
1509	10391
1508	10393
1503	10396
1499	10398
1497	10401
1474	10403
1482	10406
1471	10408
1460	10411
1497	10414
1517	10416
1513	10419
1507	10421
1511	10424
1513	10426
1488	10429
1484	10431
1502	10434
1511	10436
1512	10438
1515	10441
1516	10443
1516	10446
1515	10448
1508	10451
1484	10454
1489	10457
1491	10459
1485	10462
1488	10464
1508	10466
1516	10469
1510	10471
1509	10474
1509	10476
1508	10479
1507	10481
1512	10484
1511	10486
1495	10489
1497	10491
1507	10494
1509	10497
1498	10499
1487	10502
1489	10504
1502	10507
1500	10509
1495	10512
1499	10514
1499	10517
1491	10519
1494	10522
1503	10524
1506	10526
1505	10529
1503	10531
1505	10534
1505	10536
1483	10540
1484	10542
1502	10545
1507	10547
1504	10550
1507	10552
1499	10554
1477	10557
1490	10559
1510	10562
1498	10564
1489	10567
1495	10569
1500	10572
1505	10574
1499	10577
1478	10579
1422	10583
1458	10585
1497	10587
1505	10590
1503	10592
1503	10595
1504	10597
1500	10600
1468	10602
1449	10605
1496	10607
1526	10610
1506	10612
1490	10614
1489	10617
1492	10619
1495	10622
1494	10625
1484	10628
1474	10630
1477	10633
1483	10635
1483	10638
1487	10640
1494	10642
1500	10645
1498	10647
1480	10650
1459	10652
1479	10655
1497	10657
1496	10660
1493	10662
1498	10665
1502	10668
1506	10670
1492	10673
1489	10675
1491	10678
1491	10680
1488	10683
1489	10685
1496	10688
1502	10690
1490	10693
1495	10695
1510	10697
1514	10700
1505	10702
1499	10705
1500	10707
1502	10711
1504	10713
1505	10716
1502	10718
1463	10721
1424	10723
1463	10726
1503	10728
1507	10730
1502	10733
1502	10735
1503	10738
1504	10740
1504	10743
1503	10745
1498	10748
1500	10750
1503	10754
1499	10756
1491	10758
1487	10761
1490	10763
1495	10766
1498	10768
1500	10771
1501	10773
1501	10776
1506	10778
1512	10781
1511	10783
1502	10785
1494	10788
1493	10790
1482	10793
1476	10796
1478	10799
1491	10801
1493	10804
1485	10806
1494	10809
1497	10811
1493	10814
1491	10816
1493	10818
1496	10821
1493	10823
1474	10826
1490	10828
1509	10831
1499	10833
1490	10836
1487	10839
1492	10842
1496	10844
1499	10846
1500	10849
1488	10851
1486	10854
1493	10856
1496	10859
1494	10861
1491	10864
1491	10866
1492	10869
1496	10871
1503	10873
1486	10876
1457	10878
1479	10882
1504	10884
1502	10887
1490	10889
1487	10892
1490	10894
1495	10897
1498	10899
1473	10902
1459	10904
1478	10906
1495	10909
1497	10911
1496	10914
1501	10916
1507	10919
1496	10921
1429	10925
1431	10927
1489	10930
1507	10932
1497	10934
1494	10937
1496	10939
1499	10942
1500	10944
1500	10947
1497	10949
1493	10952
1489	10954
1484	10957
1479	10959
1480	10961
1488	10964
1496	10967
1493	10970
1487	10972
1486	10975
1489	10977
1493	10980
1486	10982
1481	10985
1485	10987
1478	10990
1479	10992
1483	10994
1467	10997
1466	10999
1479	11002
1490	11004
1495	11008
1501	11010
1501	11013
1497	11015
1503	11018
1510	11020
1513	11022
1500	11025
1497	11027
1504	11030
1508	11032
1495	11035
1494	11037
1504	11040
1506	11042
1494	11045
1488	11047
1489	11049
1474	11053
1482	11055
1501	11058
1507	11060
1494	11063
1488	11065
1492	11068
1489	11070
1487	11073
1489	11075
1491	11077
1493	11080
1472	11082
1470	11085
1485	11087
1489	11090
1481	11092
1485	11096
1495	11098
1490	11101
1476	11103
1487	11106
1513	11108
1507	11110
1504	11113
1500	11115
1499	11118
1502	11120
1504	11123
1505	11125
1501	11128
1472	11130
1467	11133
1490	11136
1498	11138
1497	11141
1499	11143
1500	11146
1501	11148
1500	11151
1499	11153
1493	11156
1478	11158
1477	11161
1472	11163
1473	11165
1482	11168
1496	11170
1505	11173
1510	11175
1511	11179
1498	11181
1506	11184
1516	11186
1512	11189
1503	11191
1499	11194
1501	11196
1502	11198
1506	11201
1492	11203
1479	11206
1486	11208
1507	11211
1513	11213
1508	11216
1503	11218
1498	11222
1499	11224
1500	11226
1498	11229
1495	11231
1496	11234
1498	11236
1500	11239
1494	11241
1488	11244
1487	11246
1492	11249
1497	11251
1500	11253
1502	11256
1503	11258
1502	11261
1498	11264
1493	11267
1488	11269
1489	11272
1487	11274
1488	11277
1490	11279
1496	11282
1500	11284
1505	11286
1501	11289
1455	11291
1470	11294
1496	11296
1498	11299
1491	11301
1488	11304
1494	11307
1501	11310
1506	11312
1479	11314
1446	11317
1488	11319
1521	11322
1511	11324
1501	11327
1497	11329
1497	11332
1499	11334
1500	11337
1502	11339
1503	11341
1502	11344
1499	11346
1496	11350
1491	11352
1487	11355
1488	11357
1492	11360
1481	11362
1474	11365
1482	11367
1495	11369
1493	11372
1491	11374
1495	11377
1487	11379
1487	11382
1494	11384
1500	11387
1502	11389
1500	11393
1499	11395
1499	11398
1499	11400
1487	11402
1478	11405
1483	11407
1493	11410
1500	11412
1505	11415
1488	11417
1465	11420
1440	11422
1467	11425
1504	11427
1504	11429
1493	11432
1496	11435
1498	11438
1502	11440
1504	11443
1505	11445
1503	11448
1476	11450
1477	11453
1492	11455
1492	11457
1489	11460
1491	11462
1494	11465
1495	11467
1493	11470
1470	11472
1453	11475
1450	11478
1477	11481
1502	11483
1508	11486
1499	11488
1500	11490
1504	11493
1504	11495
1503	11498
1504	11500
1493	11503
1498	11505
1518	11508
1522	11510
1510	11513
1505	11515
1505	11517
1507	11521
1507	11523
1509	11526
1506	11528
1502	11531
1491	11533
1458	11536
1453	11538
1490	11541
1512	11543
1512	11545
1507	11548
1512	11550
1515	11553
1511	11555
1507	11558
1509	11560
1507	11564
1502	11566
1503	11569
1507	11571
1511	11573
1513	11576
1513	11578
1493	11581
1484	11583
1495	11586
1501	11588
1491	11591
1488	11593
1493	11596
1500	11598
1488	11601
1493	11603
1505	11606
1507	11609
1510	11611
1508	11614
1506	11616
1501	11619
1499	11621
1480	11624
1479	11626
1478	11629
1495	11631
1493	11633
1482	11636
1491	11638
1507	11641
1516	11643
1494	11646
1506	11649
1516	11652
1510	11654
1498	11657
1496	11659
1499	11661
1503	11664
1500	11666
1470	11669
1470	11671
1499	11674
1501	11676
1494	11679
1498	11681
1501	11684
1504	11686
1504	11689
1506	11692
1469	11694
1461	11697
1487	11699
1501	11702
1501	11704
1493	11707
1495	11709
1504	11712
1491	11714
1479	11717
1482	11719
1472	11721
1469	11724
1479	11726
1491	11729
1498	11731
1501	11735
1498	11737
1511	11740
1510	11742
1531	11745
1543	11747
1519	11749
1503	11752
1500	11754
1500	11757
1503	11759
1487	11762
1488	11764
1495	11767
1492	11769
1470	11772
1468	11774
1480	11777
1490	11780
1494	11782
1496	11785
1493	11787
1443	11790
1454	11792
1494	11795
1508	11797
1503	11800
1499	11802
1499	11805
1499	11807
1509	11809
1505	11812
1513	11814
1505	11817
1492	11820
1494	11823
1494	11825
1492	11828
1493	11830
1496	11833
1499	11835
1502	11837
1496	11840
1479	11842
1471	11845
1486	11847
1495	11850
1491	11852
1490	11855
1497	11857
1506	11860
1489	11863
1497	11865
1487	11868
1487	11870
1491	11873
1495	11875
1499	11878
1501	11880
1496	11883
1476	11885
1473	11888
1491	11890
1499	11893
1493	11895
1493	11897
1496	11900
1497	11902
1499	11906
1504	11908
1504	11911
1490	11913
1489	11916
1497	11918
1496	11921
1496	11923
1499	11925
1496	11928
1468	11930
1453	11933
1482	11935
1489	11938
1488	11940
1491	11943
1492	11945
1496	11949
1510	11951
1470	11953
1493	11956
1514	11958
1498	11961
1480	11963
1480	11966
1485	11968
1491	11971
1496	11973
1499	11976
1473	11978
1447	11981
1467	11983
1514	11985
1521	11988
1504	11991
1495	11994
1492	11996
1493	11999
1496	12001
1497	12004
1496	12006
1498	12009
1503	12011
1480	12013
1474	12016
1479	12018
1480	12021
1486	12023
1492	12026
1497	12028
1502	12032
1496	12034
1463	12037
1463	12039
1484	12041
1511	12044
1512	12046
1502	12049
1495	12051
1489	12054
1497	12056
1506	12059
1505	12061
1498	12064
1493	12066
1485	12068
1480	12071
1482	12073
1489	12077
1494	12079
1497	12082
1504	12084
1477	12087
1464	12089
1486	12092
1497	12094
1486	12097
1485	12099
1491	12101
1497	12104
1501	12106
1504	12109
1503	12111
1505	12114
1500	12116
1491	12120
1490	12122
1493	12125
1495	12127
1495	12129
1493	12132
1492	12134
1491	12137
1489	12139
1492	12142
1483	12144
1486	12147
1501	12149
1495	12152
1499	12154
1506	12156
1503	12160
1503	12162
1503	12165
1501	12167
1499	12170
1482	12172
1487	12175
1487	12177
1480	12180
1477	12182
1497	12185
1511	12187
1515	12189
1508	12192
1495	12194
1493	12197
1505	12199
1511	12203
1478	12205
1414	12208
1433	12210
1488	12213
1507	12215
1501	12217
1501	12220
1505	12222
1499	12225
1499	12227
1507	12230
1505	12232
1500	12235
1498	12237
1497	12240
1498	12242
1502	12244
1488	12248
1453	12250
1503	12253
1517	12255
1510	12258
1507	12260
1511	12263
1510	12265
1506	12268
1500	12270
1458	12272
1480	12275
1501	12277
1493	12280
1491	12282
1502	12285
1502	12288
1479	12291
1492	12293
1513	12296
1510	12298
1501	12301
1502	12303
1502	12305
1498	12308
1496	12310
1493	12313
1492	12315
1490	12318
1501	12320
1498	12323
1508	12325
1532	12328
1524	12331
1520	12333
1524	12336
1512	12338
1506	12341
1506	12343
1504	12346
1500	12348
1461	12351
1405	12353
1465	12356
1505	12358
1510	12360
1505	12363
1503	12365
1504	12368
1507	12370
1493	12374
1492	12376
1508	12379
1517	12381
1506	12384
1501	12386
1503	12389
1503	12391
1499	12393
1479	12396
1479	12398
1503	12401
1507	12403
1509	12406
1510	12408
1507	12411
1507	12413
1510	12417
1512	12419
1513	12421
1512	12424
1472	12426
1452	12429
1495	12431
1514	12434
1510	12436
1508	12439
1511	12441
1522	12444
1521	12446
1514	12448
1512	12451
1504	12453
1491	12456
1490	12459
1497	12462
1509	12464
1472	12467
1470	12469
1497	12472
1503	12474
1521	12477
1533	12479
1530	12481
1512	12484
1502	12486
1492	12489
1495	12491
1505	12494
1517	12496
1517	12499
1510	12502
1519	12505
1534	12507
1525	12509
1513	12512
1514	12514
1506	12517
1505	12519
1509	12522
1515	12524
1493	12527
1493	12529
1507	12532
1520	12534
1523	12536
1518	12539
1504	12541
1504	12545
1504	12547
1504	12550
1505	12552
1497	12555
1484	12557
1517	12560
1538	12562
1516	12564
1502	12567
1501	12569
1491	12572
1474	12574
1470	12577
1478	12579
1498	12582
1505	12584
1502	12588
1506	12590
1511	12593
1514	12595
1517	12597
1516	12600
1495	12602
1495	12605
1509	12607
1508	12610
1502	12612
1502	12615
1507	12617
1510	12620
1488	12622
1474	12624
1489	12627
1518	12630
1532	12633
1515	12635
1505	12638
1502	12640
1499	12643
1501	12645
1505	12648
1507	12650
1501	12652
1496	12655
1486	12657
1484	12660
1500	12662
1503	12665
1504	12667
1510	12670
1508	12673
1507	12676
1502	12678
1483	12681
1487	12683
1497	12685
1488	12688
1439	12690
1456	12693
1499	12695
1515	12698
1509	12700
1507	12703
1511	12705
1521	12708
1524	12710
1526	12712
1520	12716
1504	12718
1496	12721
1502	12723
1506	12726
1491	12728
1488	12731
1503	12733
1499	12736
1508	12738
1513	12740
1507	12743
1499	12745
1498	12748
1503	12750
1499	12753
1486	12755
1484	12759
1516	12761
1541	12764
1533	12766
1517	12769
1479	12771
1471	12773
1481	12776
1484	12778
1485	12781
1495	12783
1496	12786
1502	12788
1490	12791
1481	12793
1491	12796
1505	12798
1496	12801
1483	12804
1482	12806
1488	12809
1493	12811
1497	12814
1503	12816
1512	12819
1492	12821
1474	12824
1486	12826
1507	12828
1505	12831
1488	12833
1490	12836
1495	12838
1500	12841
1494	12844
1503	12847
1492	12849
1503	12852
1515	12854
1496	12856
1488	12859
1490	12861
1493	12864
1488	12866
1492	12869
1494	12871
1496	12874
1488	12876
1481	12879
1483	12881
1490	12884
1499	12887
1506	12889
1514	12892
1500	12894
1494	12897
1518	12899
1530	12902
1509	12904
1488	12907
1483	12909
1498	12912
1509	12914
1510	12916
1518	12919
1517	12921
1512	12924
1511	12926
1498	12930
1495	12932
1499	12935
1502	12937
1493	12940
1493	12942
1489	12944
1486	12947
1488	12949
1494	12952
1501	12954
1507	12957
1500	12959
1467	12962
1489	12964
1519	12967
1516	12969
1501	12972
1501	12975
1508	12977
1511	12980
1516	12982
1502	12985
1486	12987
1504	12990
1516	12992
1509	12995
1504	12997
1508	13000
1510	13002
1511	13004
1511	13007
1486	13009
1486	13012
1492	13015
1515	13018
1539	13020
1527	13023
1509	13025
1499	13028
1498	13030
1500	13032
1502	13035
1501	13037
1498	13040
1499	13042
1493	13045
1493	13047
1497	13050
1506	13052
1514	13056
1492	13058
1459	13060
1497	13063
1532	13065
1529	13068
1513	13070
1505	13073
1503	13075
1503	13078
1508	13080
1500	13083
1508	13085
1519	13088
1513	13090
1502	13092
1506	13095
1514	13097
1517	13101
1518	13103
1510	13106
1499	13108
1475	13111
1488	13113
1497	13116
1493	13118
1486	13120
1487	13123
1495	13125
1503	13128
1507	13130
1508	13133
1515	13135
1514	13138
1506	13140
1504	13144
1499	13146
1494	13148
1497	13151
1506	13153
1500	13156
1486	13158
1511	13161
1524	13163
1481	13166
1468	13168
1466	13171
1483	13173
1497	13175
1499	13178
1494	13180
1499	13184
1499	13186
1484	13189
1477	13191
1477	13194
1458	13196
1473	13199
1497	13201
1512	13204
1512	13206
1512	13208
1489	13211
1491	13213
1502	13216
1514	13218
1521	13221
1513	13223
1499	13227
1498	13229
1509	13232
1513	13234
1513	13236
1493	13239
1481	13241
1460	13244
1480	13246
1506	13249
1505	13251
1496	13254
1497	13256
1503	13259
1508	13261
1507	13263
1504	13266
1498	13268
1494	13272
1493	13274
1493	13277
1496	13279
1498	13282
1494	13284
1495	13287
1512	13289
1527	13292
1525	13294
1528	13296
1523	13299
1510	13301
1504	13304
1507	13306
1508	13309
1502	13312
1506	13315
1511	13317
1494	13320
1491	13322
1506	13324
1513	13327
1508	13329
1503	13332
1503	13334
1492	13337
1505	13339
1484	13342
1478	13344
1492	13347
1492	13349
1483	13351
1482	13355
1488	13357
1494	13360
1498	13362
1506	13365
1511	13367
1522	13370
1527	13372
1516	13375
1505	13377
1511	13379
1505	13382
1470	13384
1502	13387
1516	13389
1499	13392
1479	13394
1483	13398
1509	13400
1499	13403
1480	13405
1480	13408
1486	13410
1492	13412
1501	13415
1506	13417
1506	13420
1508	13422
1514	13425
1526	13427
1537	13430
1507	13432
1505	13435
1512	13437
1517	13440
1507	13443
1502	13445
1488	13448
1458	13450
1482	13453
1494	13455
1493	13458
1494	13460
1489	13463
1503	13465
1499	13467
1492	13470
1492	13472
1494	13475
1502	13477
1476	13480
1477	13483
1482	13486
1487	13488
1483	13491
1493	13493
1505	13496
1492	13498
1514	13500
1533	13503
1513	13505
1491	13508
1481	13510
1487	13513
1492	13515
1497	13518
1524	13520
1489	13523
1497	13526
1507	13528
1486	13531
1484	13533
1493	13536
1501	13538
1503	13541
1497	13543
1504	13546
1506	13548
1517	13551
1505	13553
1491	13555
1479	13558
1476	13560
1478	13563
1467	13565
1480	13569
1499	13571
1501	13574
1488	13576
1482	13579
1475	13581
1469	13584
1433	13586
1454	13588
1477	13591
1473	13593
1477	13596
1488	13598
1491	13601
1492	13603
1487	13606
1478	13608
1480	13612
1486	13614
1490	13616
1485	13619
1527	13621
1548	13624
1525	13626
1517	13629
1515	13631
1505	13634
1499	13636
1500	13639
1513	13641
1516	13643
1496	13646
1506	13648
1495	13651
1472	13654
1475	13657
1482	13659
1473	13662
1472	13664
1486	13667
1497	13669
1501	13671
1498	13674
1509	13676
1507	13679
1512	13681
1473	13684
1478	13686
1494	13689
1490	13691
1481	13694
1496	13697
1485	13700
1503	13702
1511	13704
1497	13707
1487	13709
1490	13712
1491	13714
1497	13717
1492	13719
1500	13722
1513	13724
1512	13727
1498	13729
1503	13731
1508	13734
1507	13736
1515	13740
1515	13742
1519	13745
1512	13747
1516	13750
1518	13752
1517	13755
1519	13757
1525	13759
1519	13762
1488	13764
1477	13767
1468	13769
1471	13772
1475	13774
1487	13777
1509	13779
1516	13783
1509	13785
1520	13788
1506	13790
1489	13792
1465	13795
1443	13797
1448	13800
1496	13802
1500	13805
1509	13807
1498	13810
1490	13812
1480	13815
1469	13817
1476	13819
1473	13822
1475	13825
1483	13828
1465	13830
1465	13833
1460	13835
1500	13838
1516	13840
1500	13843
1476	13845
1467	13847
1468	13850
1474	13852
1483	13855
1483	13857
1467	13860
1493	13862
1500	13865
1482	13868
1466	13871
1465	13873
1471	13875
1489	13878
1500	13880
1513	13883
1511	13885
1495	13888
1506	13890
1498	13893
1486	13895
1475	13898
1483	13900
1489	13903
1509	13905
1509	13907
1488	13911
1477	13913
1486	13916
1486	13918
1479	13921
1473	13923
1468	13926
1469	13928
1483	13931
1493	13933
1497	13935
1519	13938
1514	13940
1469	13943
1439	13945
1463	13948
1484	13950
1493	13954
1506	13956
1523	13959
1520	13961
1496	13963
1483	13966
1478	13968
1493	13971
1508	13973
1513	13976
1505	13978
1498	13981
1483	13983
1478	13986
1475	13988
1460	13991
1465	13993
1473	13996
1470	13999
1463	14001
1448	14004
1449	14006
1453	14009
1465	14011
1484	14014
1503	14016
1507	14019
1520	14021
1528	14023
1516	14026
1498	14028
1482	14031
1479	14033
1485	14036
1458	14039
1501	14042
1515	14044
1486	14047
1470	14049
1469	14051
1471	14054
1477	14056
1478	14059
1481	14061
1488	14064
1489	14066
1474	14069
1464	14071
1462	14074
1463	14076
1472	14080
1502	14082
1480	14084
1503	14087
1521	14089
1498	14092
1469	14094
1466	14097
1471	14099
1489	14102
1481	14104
1496	14107
1518	14109
1521	14111
1505	14114
1502	14116
1493	14119
1523	14121
1565	14125
1551	14127
1512	14130
1486	14132
1453	14135
1434	14137
1442	14139
1448	14142
1470	14144
1482	14147
1496	14149
1501	14152
1479	14154
1472	14157
1487	14159
1484	14162
1479	14164
1473	14168
1480	14170
1500	14172
1500	14175
1447	14177
1453	14180
1478	14182
1479	14185
1469	14187
1504	14190
1482	14192
1503	14195
1514	14197
1501	14199
1471	14202
1459	14204
1468	14208
1487	14210
1514	14213
1526	14215
1508	14218
1491	14220
1488	14223
1484	14225
1473	14227
1466	14230
1483	14232
1487	14235
1513	14237
1534	14240
1505	14242
1479	14245
1464	14247
1453	14251
1448	14253
1452	14255
1465	14258
1442	14260
1471	14263
1509	14265
1515	14268
1481	14270
1469	14273
1466	14275
1468	14278
1474	14280
1500	14283
1502	14285
1513	14287
1511	14290
1486	14292
1459	14296
1449	14298
1454	14301
1460	14303
1498	14306
1459	14308
1488	14311
1517	14313
1500	14315
1466	14318
1457	14320
1460	14323
1467	14325
1473	14328
1478	14330
1494	14333
1494	14336
1497	14339
1518	14341
1498	14343
1475	14346
1466	14348
1475	14351
1492	14353
1447	14356
1464	14358
1505	14361
1523	14363
1489	14366
1469	14368
1462	14370
1461	14373
1464	14375
1471	14379
1479	14381
1502	14384
1482	14386
1468	14389
1499	14391
1496	14394
1465	14396
1450	14399
1449	14401
1460	14403
1472	14406
1467	14408
1471	14411
1467	14413
1460	14416
1458	14418
1464	14422
1468	14424
1473	14427
1467	14429
1476	14431
1511	14434
1480	14436
1498	14439
1495	14441
1460	14444
1444	14446
1448	14449
1456	14451
1469	14454
1470	14456
1501	14458
1510	14461
1498	14464
1496	14467
1480	14469
1460	14472
1455	14474
1457	14477
1467	14479
1470	14482
1444	14484
1475	14487
1501	14489
1490	14491
1467	14494
1460	14496
1459	14499
1461	14501
1466	14504
1479	14507
1504	14510
1489	14512
1499	14515
1505	14517
1487	14519
1467	14522
1458	14524
1458	14527
1462	14529
1465	14532
1450	14534
1445	14537
1489	14539
1509	14542
1491	14544
1479	14546
1468	14550
1465	14552
1460	14555
1453	14557
1488	14560
1504	14562
1495	14565
1484	14567
1488	14570
1468	14572
1458	14574
1479	14577
1500	14579
1494	14582
1480	14584
1461	14587
1462	14589
1469	14593
1470	14595
1471	14598
1479	14600
1476	14603
1490	14605
1497	14607
1497	14610
1496	14612
1496	14615
1489	14617
1494	14620
1498	14622
1508	14625
1513	14627
1500	14630
1430	14632
1438	14635
1489	14638
1516	14640
1522	14643
1510	14645
1521	14648
1534	14650
1520	14653
1504	14655
1505	14658
1475	14660
1461	14662
1483	14665
1509	14667
1508	14670
1499	14672
1499	14675
1503	14678
1502	14681
1512	14683
1520	14686
1518	14688
1519	14691
1520	14693
1518	14695
1507	14698
1468	14700
1470	14703
1463	14705
1476	14708
1493	14710
1504	14713
1511	14715
1515	14718
1533	14721
1534	14723
1515	14726
1490	14728
1486	14731
1488	14733
1495	14736
1498	14738
1487	14741
1462	14743
1493	14746
1522	14748
1512	14750
1488	14753
1492	14755
1507	14758
1475	14760
1480	14764
1491	14766
1488	14769
1485	14771
1495	14774
1488	14776
1495	14778
1507	14781
1476	14783
1463	14786
1481	14788
1518	14791
1527	14793
1507	14796
1494	14798
1496	14801
1488	14803
1484	14807
1505	14809
1497	14811
1481	14814
1475	14816
1481	14819
1487	14821
1493	14824
1468	14826
1468	14829
1490	14831
1510	14834
1508	14836
1505	14838
1511	14841
1494	14843
1459	14846
1477	14849
1498	14852
1491	14854
1486	14857
1490	14859
1497	14862
1502	14864
1499	14866
1492	14869
1477	14871
1512	14874
1544	14876
1536	14879
1514	14881
1501	14884
1498	14886
1506	14889
1507	14892
1518	14895
1534	14897
1537	14899
1488	14902
1474	14904
1482	14907
1481	14909
1483	14912
1488	14914
1497	14917
1498	14919
1496	14922
1494	14924
1490	14926
1484	14929
1485	14931
1492	14935
1484	14937
1464	14940
1489	14942
1522	14945
1532	14947
1528	14950
1516	14952
1506	14954
1490	14957
1456	14959
1455	14962
1489	14964
1497	14967
1488	14969
1461	14972
1487	14974
1521	14978
1547	14980
1526	14982
1511	14985
1506	14987
1500	14990
1494	14992
1494	14995
1494	14997
1494	15000
1499	15002
1507	15005
1510	15007
1511	15010
1512	15012
1507	15014
1508	15017
1500	15020
1501	15023
1485	15025
1498	15028
1491	15030
1466	15033
1481	15035
1497	15038
1511	15040
1515	15042
1530	15045
1543	15047
1525	15050
1509	15052
1513	15055
1527	15057
1527	15060
1526	15063
1502	15066
1530	15068
1539	15070
1519	15073
1504	15075
1506	15078
1507	15080
1484	15083
1410	15085
1406	15088
1496	15090
1547	15093
1538	15095
1527	15098
1526	15100
1537	15102
1532	15106
1537	15108
1547	15111
1532	15113
1518	15116
1517	15118
1502	15121
1500	15123
1512	15126
1498	15128
1504	15130
1522	15133
1517	15135
1513	15138
1517	15140
1523	15143
1517	15145
1507	15149
1470	15151
1484	15154
1519	15156
1540	15158
1520	15161
1511	15163
1514	15166
1518	15168
1523	15171
1530	15173
1482	15176
1495	15178
1535	15181
1541	15183
1525	15186
1515	15188
1519	15191
1527	15194
1531	15196
1516	15199
1512	15201
1437	15204
1461	15206
1537	15209
1538	15211
1531	15214
1525	15216
1524	15218
1525	15221
1526	15223
1520	15226
1523	15228
1515	15232
1503	15234
1503	15237
1503	15239
1510	15242
1514	15244
1516	15246
1516	15249
1470	15251
1405	15254
1482	15256
1529	15259
1510	15261
1496	15264
1502	15266
1513	15269
1499	15271
1470	15275
1484	15277
1503	15279
1507	15282
1509	15284
1515	15287
1519	15289
1507	15292
1509	15294
1528	15297
1543	15299
1528	15302
1509	15304
1501	15306
1497	15309
1502	15311
1503	15314
1461	15316
1494	15320
1538	15322
1538	15325
1517	15327
1509	15330
1510	15332
1494	15334
1441	15337
1470	15339
1518	15342
1519	15344
1506	15347
1501	15349
1505	15352
1509	15354
1505	15357
1493	15360
1492	15362
1502	15365
1509	15367
1511	15370
1513	15372
1511	15375
1509	15377
1508	15380
1501	15382
1499	15385
1504	15387
1464	15390
1451	15392
1460	15394
1500	15397
1520	15399
1512	15403
1507	15405
1507	15408
1511	15410
1509	15413
1504	15415
1508	15418
1500	15420
1505	15422
1506	15425
1512	15427
1519	15430
1500	15432
1487	15435
1497	15437
1511	15440
1509	15442
1486	15446
1468	15448
1481	15450
1509	15453
1527	15455
1522	15458
1497	15460
1487	15463
1489	15465
1497	15468
1506	15470
1504	15473
1495	15475
1512	15478
1508	15480
1485	15482
1478	15485
1499	15488
1484	15491
1482	15493
1496	15496
1505	15498
1507	15501
1513	15503
1452	15506
1448	15508
1514	15510
1553	15513
1529	15515
1511	15518
1507	15520
1505	15523
1508	15525
1512	15528
1512	15531
1512	15534
1510	15536
1497	15538
1480	15541
1484	15543
1493	15546
1502	15548
1503	15551
1457	15553
1468	15556
1514	15558
1523	15561
1513	15563
1509	15566
1514	15568
1519	15570
1510	15574
1515	15576
1526	15579
1513	15581
1499	15584
1488	15586
1489	15589
1496	15591
1504	15594
1500	15596
1493	15598
1481	15601
1426	15603
1431	15606
1511	15608
1527	15611
1505	15613
1499	15617
1502	15619
1509	15622
1514	15624
1517	15626
1518	15629
1502	15631
1465	15634
1465	15636
1491	15639
1502	15641
1499	15644
1502	15646
1510	15649
1518	15651
1528	15654
1529	15656
1516	15659
1524	15662
1523	15664
1501	15667
1472	15669
1474	15672
1501	15674
1514	15677
1515	15679
1509	15682
1494	15684
1462	15686
1488	15689
1511	15691
1513	15694
1516	15696
1522	15699
1523	15702
1525	15705
1516	15707
1501	15710
1495	15712
1506	15714
1517	15717
1519	15719
1509	15722
1487	15724
1497	15727
1503	15729
1507	15732
1511	15734
1513	15737
1505	15739
1500	15742
1500	15745
1503	15747
1505	15750
1500	15752
1503	15755
1505	15757
1507	15760
1497	15762
1503	15765
1505	15767
1500	15770
1505	15772
1512	15774
1511	15777
1510	15779
1506	15782
1504	15784
1482	15788
1460	15790
1493	15793
1517	15795
1516	15798
1512	15800
1506	15802
1481	15805
1456	15807
1464	15810
1480	15812
1493	15815
1501	15817
1508	15820
1495	15822
1496	15825
1507	15827
1514	15831
1521	15833
1516	15835
1520	15838
1525	15840
1515	15843
1505	15845
1503	15848
1503	15850
1491	15853
1455	15855
1495	15858
1515	15860
1504	15862
1497	15865
1500	15867
1496	15870
1501	15873
1505	15876
1510	15878
1507	15881
1469	15883
1450	15886
1501	15888
1528	15890
1517	15893
1505	15895
1502	15898
1492	15900
1477	15903
1467	15905
1474	15908
1478	15910
1485	15913
1493	15916
1502	15918
1515	15921
1509	15923
1495	15926
1501	15928
1512	15931
1529	15933
1537	15936
1531	15938
1523	15941
1521	15943
1501	15946
1475	15948
1479	15950
1505	15953
1505	15955
1503	15959
1495	15961
1487	15964
1497	15966
1516	15969
1521	15971
1518	15974
1505	15976
1501	15978
1499	15981
1510	15983
1514	15986
1513	15988
1516	15991
1523	15993
1525	15996
1509	15998
1489	16002
1511	16004
1527	16006
1503	16009
1502	16011
1481	16014
1488	16016
1497	16019
1497	16021
1492	16024
1497	16026
1504	16029
1508	16031
1489	16034
1472	16036
1496	16038
1518	16041
1513	16044
1503	16047
1502	16049
1510	16052
1515	16054
1495	16057
1485	16059
1504	16062
1513	16064
1503	16066
1503	16069
1492	16071
1495	16074
1510	16076
1513	16079
1511	16081
1502	16084
1492	16087
1502	16090
1518	16092
1512	16094
1495	16097
1496	16099
1504	16102
1508	16104
1511	16107
1513	16109
1508	16112
1501	16114
1527	16117
1541	16119
1519	16122
1498	16124
1491	16126
1492	16130
1497	16132
1501	16135
1502	16137
1491	16140
1435	16142
1445	16145
1494	16147
1513	16150
1509	16152
1510	16154
1511	16157
1511	16159
1497	16162
1493	16164
1525	16167
1542	16169
1523	16173
1506	16175
1496	16178
1493	16180
1482	16182
1473	16185
1471	16187
1473	16190
1475	16192
1486	16195
1496	16197
1485	16200
1498	16202
1518	16205
1518	16207
1507	16209
1504	16212
1506	16215
1509	16218
1503	16220
1497	16223
1473	16225
1449	16228
1478	16230
1518	16233
1523	16235
1519	16238
1520	16240
1514	16242
1506	16245
1504	16247
1484	16250
1468	16252
1469	16256
1477	16258
1487	16261
1493	16263
1502	16266
1510	16268
1483	16270
1478	16273
1513	16275
1532	16278
1518	16280
1509	16283
1503	16285
1486	16288
1482	16290
1520	16293
1532	16295
1516	16297
1505	16301
1504	16303
1503	16306
1488	16308
1472	16311
1476	16313
1486	16316
1517	16318
1530	16321
1512	16323
1496	16326
1494	16328
1493	16330
1494	16333
1500	16335
1496	16338
1505	16340
1509	16344
1499	16346
1490	16349
1493	16351
1495	16354
1502	16356
1509	16358
1513	16361
1508	16363
1487	16366
1489	16368
1509	16371
1508	16373
1503	16376
1489	16378
1476	16381
1500	16384
1514	16386
1509	16389
1503	16391
1500	16394
1499	16396
1494	16399
1493	16401
1492	16404
1496	16406
1493	16409
1493	16411
1497	16414
1502	16416
1509	16418
1478	16421
1478	16423
1501	16427
1509	16429
1495	16432
1487	16434
1489	16437
1493	16439
1481	16442
1470	16444
1486	16446
1511	16449
1517	16451
1511	16454
1503	16456
1512	16459
1483	16461
1476	16464
1496	16466
1502	16470
1494	16472
1494	16474
1496	16477
1498	16479
1500	16482
1501	16484
1498	16487
1495	16489
1498	16492
1501	16494
1497	16497
1496	16499
1501	16502
1491	16504
1498	16506
1505	16509
1506	16512
1504	16515
1504	16517
1488	16520
1487	16522
1521	16525
1535	16527
1535	16530
1528	16532
1511	16534
1503	16537
1503	16539
1497	16542
1496	16544
1492	16547
1493	16549
1478	16552
1494	16555
1545	16558
1545	16560
1515	16562
1496	16565
1491	16567
1494	16570
1498	16572
1505	16575
1480	16577
1442	16580
1491	16582
1535	16585
1523	16587
1506	16589
1500	16592
1502	16594
1506	16598
1505	16600
1476	16603
1484	16605
1516	16608
1516	16610
1491	16613
1482	16615
1484	16618
1489	16620
1497	16622
1503	16625
1497	16627
1516	16630
1482	16632
1486	16635
1512	16637
1515	16641
1509	16643
1506	16646
1505	16648
1509	16650
1513	16653
1516	16655
1515	16658
1519	16660
1526	16663
1509	16665
1497	16668
1498	16670
1493	16673
1500	16675
1509	16677
1513	16680
1522	16683
1480	16686
1468	16688
1522	16691
1540	16693
1515	16696
1496	16698
1497	16701
1502	16703
1502	16706
1506	16708
1514	16710
1488	16713
1463	16715
1468	16718
1503	16720
1518	16723
1516	16726
1511	16729
1513	16731
1516	16734
1515	16736
1519	16738
1486	16741
1494	16743
1530	16746
1543	16748
1516	16751
1498	16753
1496	16756
1521	16758
1535	16761
1512	16763
1488	16765
1490	16769
1499	16771
1499	16774
1489	16776
1472	16779
1512	16781
1551	16784
1542	16786
1522	16789
1513	16791
1511	16793
1507	16796
1504	16798
1507	16801
1508	16803
1505	16806
1500	16808
1487	16812
1468	16814
1493	16817
1518	16819
1524	16822
1486	16824
1480	16826
1502	16829
1512	16831
1517	16834
1521	16836
1510	16839
1508	16841
1514	16844
1515	16846
1511	16849
1501	16851
1487	16854
1492	16857
1505	16859
1511	16862
1511	16864
1508	16867
1500	16869
1478	16872
1472	16874
1492	16877
1511	16879
1508	16881
1500	16884
1496	16886
1487	16889
1497	16891
1520	16894
1518	16897
1509	16900
1513	16902
1513	16905
1497	16907
1453	16910
1445	16912
1479	16914
1509	16917
1514	16919
1509	16922
1512	16924
1508	16927
1503	16929
1490	16932
1489	16934
1495	16937
1499	16940
1508	16942
1518	16945
1520	16947
1482	16950
1494	16952
1520	16955
1528	16957
1518	16960
1505	16962
1498	16965
1508	16967
1516	16969
1519	16972
1517	16974
1522	16977
1515	16979
1528	16983
1535	16985
1524	16988
1503	16990
1493	16993
1488	16995
1469	16998
1448	17000
1450	17002
1482	17005
1512	17007
1518	17010
1511	17012
1509	17015
1513	17017
1518	17020
1514	17022
1510	17026
1512	17028
1521	17030
1515	17033
1496	17035
1489	17038
1495	17040
1503	17043
1510	17045
1515	17048
1516	17050
1503	17053
1509	17055
1540	17057
1552	17060
1535	17062
1515	17065
1506	17068
1496	17071
1465	17073
1490	17076
1532	17078
1524	17081
1508	17083
1505	17085
1499	17088
1494	17090
1494	17093
1496	17095
1476	17098
1466	17100
1474	17103
1485	17105
1490	17108
1493	17111
1497	17114
1505	17116
1513	17118
1523	17121
1515	17123
1512	17126
1519	17128
1514	17131
1503	17133
1496	17136
1495	17138
1488	17141
1489	17143
1497	17145
1503	17148
1478	17150
1484	17154
1492	17156
1501	17159
1509	17161
1509	17164
1503	17166
1494	17169
1483	17171
1487	17174
1444	17176
1470	17178
1506	17181
1511	17183
1504	17186
1494	17188
1482	17191
1481	17193
1482	17197
1485	17199
1490	17202
1495	17204
1502	17206
1509	17209
1502	17211
1506	17214
1497	17216
1492	17219
1499	17221
1503	17224
1496	17226
1490	17229
1492	17231
1508	17233
1520	17236
1515	17239
1504	17242
1493	17244
1487	17247
1492	17249
1442	17252
1459	17254
1490	17257
1492	17259
1484	17261
1486	17264
1492	17266
1496	17269
1499	17271
1502	17274
1504	17276
1506	17280
1508	17282
1504	17285
1493	17287
1495	17290
1499	17292
1499	17294
1500	17297
1496	17299
1494	17302
1491	17304
1485	17307
1479	17309
1501	17312
1516	17314
1516	17317
1490	17319
1494	17321
1505	17325
1501	17327
1490	17330
1486	17332
1489	17335
1493	17337
1496	17340
1498	17342
1503	17345
1500	17347
1490	17349
1490	17352
1495	17354
1497	17357
1505	17359
1506	17362
1503	17364
1505	17368
1497	17370
1487	17373
1477	17375
1484	17378
1493	17380
1495	17382
1502	17385
1503	17387
1465	17390
1483	17392
1516	17395
1507	17397
1490	17400
1483	17402
1483	17405
1487	17408
1491	17410
1494	17413
1496	17415
1497	17418
1497	17420
1497	17423
1502	17425
1497	17428
1496	17430
1503	17433
1500	17435
1490	17437
1485	17440
1486	17442
1487	17445
1490	17447
1491	17451
1478	17453
1473	17456
1497	17458
1516	17461
1526	17463
1532	17465
1523	17468
1504	17470
1492	17473
1483	17475
1482	17478
1480	17480
1475	17483
1469	17485
1488	17488
1497	17490
1495	17494
1492	17496
1493	17498
1494	17501
1489	17503
1480	17506
1489	17508
1501	17511
1502	17513
1496	17516
1492	17518
1488	17521
1487	17523
1485	17525
1487	17528
1489	17530
1487	17533
1489	17536
1493	17539
1490	17541
1488	17544
1492	17546
1490	17549
1480	17551
1479	17553
1474	17556
1468	17558
1486	17561
1498	17563
1497	17566
1496	17568
1500	17571
1500	17573
1511	17576
1518	17579
1509	17582
1486	17584
1477	17586
1479	17589
1485	17591
1474	17594
1464	17596
1480	17599
1507	17601
1518	17604
1512	17606
1503	17609
1493	17611
1493	17613
1496	17616
1501	17618
1457	17622
1480	17624
1522	17627
1531	17629
1514	17632
1503	17634
1497	17637
1495	17639
1477	17641
1472	17644
1471	17646
1476	17649
1479	17651
1481	17654
1484	17656
1487	17659
1490	17661
1498	17665
1507	17667
1512	17670
