1495;2
1496;4
1497;7
1497;9
1496;11
1496;13
1496;16
1496;18
1495;20
1495;23
1495;25
1494;27
1494;30
1494;32
1494;34
1494;36
1495;39
1494;41
1494;44
1494;47
1494;49
1494;51
1494;54
1493;56
1493;58
1493;61
1493;63
1493;65
1493;67
1493;70
1493;72
1493;74
1493;77
1493;79
1494;81
1494;84
1495;87
1496;89
1496;91
1496;94
1497;96
1496;98
1496;101
1498;103
1499;105
1498;108
1496;110
1496;112
1495;115
1495;117
1494;120
1494;122
1494;124
1495;128
1496;130
1497;132
1498;135
1498;137
1498;139
1498;142
1496;144
1495;146
1494;149
1494;151
1493;153
1493;156
1494;158
1494;161
1495;163
1496;165
1496;168
1496;171
1496;173
1496;176
1497;178
1498;180
1498;183
1498;185
1499;187
1498;190
1497;192
1497;194
1497;197
1496;199
1496;202
1496;204
1496;206
1496;209
1496;211
1496;214
1497;217
1499;219
1498;221
1496;224
1496;226
1496;228
1495;231
1493;233
1492;235
1491;238
1491;240
1492;243
1493;245
1493;247
1493;250
1493;252
1493;254
1493;258
1493;260
1494;262
1494;265
1494;267
1495;269
1497;272
1498;274
1499;277
1499;279
1498;281
1496;284
1494;286
1494;288
1493;291
1493;293
1492;295
1492;299
1492;301
1492;303
1492;306
1492;308
1492;310
1492;313
1494;315
1493;318
1495;320
1497;322
1498;325
1497;327
1496;329
1495;332
1494;334
1493;336
1493;339
1493;342
1493;344
1494;347
1495;349
1496;351
1495;354
1495;356
1494;359
1493;361
1493;363
1494;366
1495;368
1496;370
1496;373
1495;375
1495;377
1494;380
1493;382
1492;385
1493;388
1492;390
1492;393
1493;395
1495;397
1495;400
1494;402
1495;404
1495;407
1495;409
1495;411
1495;414
1495;416
1495;418
1495;421
1496;423
1495;425
1495;429
1494;431
1494;434
1493;436
1493;438
1493;441
1492;443
1492;445
1491;448
1491;450
1492;452
1493;455
1494;457
1494;459
1494;462
1494;464
1495;466
1494;470
1494;472
1494;475
1493;477
1492;479
1491;482
1491;484
1492;486
1492;489
1492;491
1493;493
1495;496
1494;498
1495;500
1497;503
1498;505
1497;508
1495;510
1494;513
1493;516
1492;518
1491;520
1491;523
1492;525
1492;527
1493;530
1494;532
1495;534
1495;537
1493;539
1492;541
1492;544
1491;546
1493;549
1494;551
1494;553
1494;557
1494;559
1493;561
1492;564
1492;566
1493;568
1493;571
1493;573
1494;575
1494;578
1494;580
1495;583
1496;585
1494;587
1494;590
1494;592
1494;594
1494;598
1495;600
1495;602
1494;605
1493;607
1493;609
1492;612
1492;614
1492;616
1493;619
1494;621
1495;624
1494;626
1495;628
1494;631
1495;633
1496;635
1496;638
1497;641
1496;643
1495;646
1495;648
1495;650
1494;653
1494;655
1493;657
1493;660
1493;662
1494;665
1494;667
1494;669
1494;672
1494;674
1494;676
1494;679
1493;681
1493;684
1493;687
1493;689
1494;691
1495;694
1495;696
1495;699
1495;701
1495;703
1495;706
1495;708
1495;710
1495;713
1496;715
1495;717
1494;720
1495;722
1494;724
1493;728
1492;730
1492;732
1491;735
1491;737
1491;740
1491;742
1491;744
1491;747
1492;749
1493;751
1494;754
1493;756
1494;758
1495;761
1496;763
1495;765
1494;769
1493;771
1493;773
1493;776
1493;778
1494;781
1495;783
1496;785
1497;788
1499;790
1498;792
1496;795
1494;797
1492;799
1492;802
1492;804
1491;806
1492;809
1492;812
1494;815
1493;817
1494;819
1494;822
1493;824
1493;826
1493;829
1493;831
1493;833
1493;836
1494;838
1495;840
1496;843
1497;845
1498;847
1499;850
1498;852
1495;856
1494;858
1493;860
1492;863
1492;865
1492;867
1492;870
1493;872
1494;874
1496;877
1496;879
1494;881
1493;884
1492;886
1492;889
1492;891
1491;893
1492;897
1492;899
1493;901
1493;904
1494;906
1494;908
1494;911
1494;913
1494;915
1495;918
1496;920
1496;922
1497;925
1498;927
1498;930
1496;932
1494;934
1492;937
1491;940
1491;942
1490;945
1490;947
1491;949
1491;952
1492;954
1492;956
1494;959
1496;961
1496;964
1495;966
1494;968
1493;971
1493;973
1492;975
1492;978
1492;980
1492;983
1493;986
1493;988
1494;990
1494;993
1494;995
1494;997
1493;1000
1493;1002
1492;1005
1492;1007
1492;1009
1493;1012
1493;1014
1495;1017
1494;1019
1494;1022
1495;1025
1496;1027
1495;1030
1495;1032
1494;1035
1494;1037
1494;1039
1493;1042
1493;1044
1494;1047
1495;1049
1495;1051
1496;1054
1495;1056
1494;1059
1494;1061
1493;1063
1493;1067
1494;1069
1494;1072
1495;1074
1497;1076
1499;1079
1499;1081
1499;1084
1498;1086
1497;1088
1496;1091
1495;1093
1495;1096
1495;1098
1495;1100
1496;1103
1496;1105
1497;1108
1496;1111
1495;1113
1494;1116
1494;1118
1495;1121
1495;1123
1496;1126
1497;1128
1496;1130
1495;1133
1494;1135
1493;1138
1493;1140
1493;1142
1492;1145
1492;1147
1492;1150
1493;1153
1493;1155
1494;1158
1494;1160
1494;1163
1494;1165
1494;1167
1494;1170
1494;1172
1493;1175
1493;1177
1494;1179
1495;1182
1496;1184
1495;1187
1495;1189
1495;1191
1495;1195
1494;1197
1495;1200
1494;1202
1495;1204
1495;1207
1496;1209
1496;1212
1494;1214
1494;1217
1497;1219
1498;1221
1498;1224
1498;1226
1497;1229
1494;1231
1493;1233
1492;1236
1492;1239
1491;1242
1491;1244
1491;1246
1492;1249
1493;1251
1495;1254
1495;1256
1496;1258
1496;1261
1495;1263
1494;1266
1492;1268
1491;1270
1491;1273
1491;1275
1491;1278
1492;1281
1492;1283
1492;1286
1493;1288
1493;1291
1494;1293
1493;1295
1493;1298
1493;1300
1493;1303
1493;1305
1493;1308
1492;1310
1494;1312
1495;1315
1498;1317
1499;1320
1499;1323
1497;1325
1495;1328
1493;1330
1493;1333
1492;1335
1492;1337
1492;1340
1492;1342
1492;1345
1492;1347
1492;1349
1493;1352
1492;1354
1492;1357
1491;1359
1492;1361
1492;1364
1493;1367
1493;1370
1495;1372
1496;1374
1496;1377
1495;1379
1493;1382
1493;1384
1492;1386
1492;1389
1494;1391
1496;1394
1498;1396
1500;1398
1499;1401
1496;1403
1494;1406
1493;1409
1492;1412
1492;1414
1491;1416
1491;1419
1491;1421
1492;1424
1493;1426
1493;1428
1492;1431
1491;1433
1490;1436
1490;1438
1491;1440
1491;1443
1491;1445
1491;1448
1492;1451
1493;1453
1492;1456
1494;1458
1496;1461
1494;1463
1494;1465
1493;1468
1492;1470
1492;1473
1492;1475
1492;1477
1493;1480
1493;1482
1493;1485
1495;1487
1495;1489
1495;1492
1495;1495
1494;1498
1493;1500
1493;1503
1493;1505
1494;1507
1495;1510
1495;1512
1496;1515
1496;1517
1495;1519
1495;1522
1494;1524
1497;1527
1501;1529
1501;1531
1498;1534
1495;1537
1493;1540
1492;1542
1491;1544
1491;1547
1492;1549
1492;1552
1491;1554
1491;1556
1491;1559
1491;1561
1491;1564
1492;1566
1493;1568
1495;1571
1496;1573
1500;1576
1503;1579
1503;1581
1501;1584
1498;1586
1495;1589
1493;1591
1492;1594
1491;1596
1491;1598
1491;1601
1491;1603
1492;1606
1492;1608
1492;1610
1491;1613
1491;1615
1491;1618
1491;1620
1491;1623
1491;1626
1491;1628
1491;1631
1490;1633
1490;1635
1491;1638
1492;1640
1493;1643
1493;1645
1492;1647
1492;1650
1493;1652
1492;1655
1492;1657
1492;1659
1495;1662
1495;1665
1496;1668
1496;1670
1493;1672
1490;1675
1487;1677
1487;1680
1488;1682
1489;1684
1490;1687
1490;1689
1491;1692
1495;1694
1496;1696
1496;1699
1495;1701
1492;1704
1491;1707
1490;1710
1490;1712
1490;1714
1490;1717
1494;1719
1495;1722
1493;1724
1491;1726
1489;1729
1485;1731
1482;1734
1482;1736
1483;1738
1489;1741
1497;1743
1504;1746
1507;1748
1504;1751
1494;1754
1484;1756
1480;1759
1479;1761
1480;1763
1481;1766
1493;1768
1501;1771
1503;1773
1501;1775
1497;1778
1492;1780
1486;1783
1482;1785
1480;1787
1488;1790
1487;1793
1495;1796
1504;1798
1503;1800
1494;1803
1486;1805
1479;1808
1471;1810
1467;1813
1467;1815
1468;1817
1470;1820
1470;1822
1470;1825
1468;1827
1466;1829
1465;1832
1465;1835
1465;1838
1466;1840
1469;1842
1472;1845
1478;1847
1479;1850
1475;1852
1473;1854
1469;1857
1466;1859
1465;1862
1466;1864
1467;1866
1471;1869
1481;1871
1492;1874
1495;1876
1496;1879
1491;1882
1485;1884
1481;1887
1477;1889
1475;1891
1473;1894
1471;1896
1471;1899
1471;1901
1471;1904
1474;1906
1473;1908
1471;1911
1471;1913
1472;1916
1471;1918
1473;1921
1476;1924
1479;1926
1489;1929
1492;1931
1485;1933
1478;1936
1471;1938
1469;1941
1470;1943
1471;1945
1473;1948
1476;1950
1489;1953
1500;1955
1501;1957
1495;1960
1485;1963
1478;1966
1471;1968
1471;1970
1472;1973
1473;1975
1473;1978
1477;1980
1482;1982
1478;1985
1477;1987
1474;1990
1471;1992
1468;1994
1467;1997
1470;1999
1471;2002
1474;2004
1477;2008
1477;2010
1473;2012
1466;2015
1462;2017
1459;2020
1462;2022
1467;2024
1482;2027
1503;2029
1513;2032
1509;2034
1499;2036
1490;2039
1483;2041
1478;2044
1474;2046
1472;2049
1472;2052
1469;2054
1463;2057
1459;2059
1458;2061
1460;2064
1465;2066
1470;2069
1470;2071
1472;2073
1471;2076
1469;2078
1466;2081
1467;2083
1469;2085
1463;2088
1466;2091
1473;2094
1475;2096
1476;2098
1478;2101
1480;2103
1481;2106
1481;2108
1480;2111
1479;2113
1477;2115
1480;2118
1481;2120
1480;2123
1478;2125
1475;2127
1473;2130
1472;2132
1477;2136
1490;2138
1493;2140
1489;2143
1484;2145
1483;2148
1481;2150
1480;2152
1483;2155
1482;2157
1482;2160
1478;2162
1473;2164
1470;2167
1471;2169
1473;2172
1475;2174
1477;2177
1479;2180
1480;2182
1483;2185
1483;2187
1483;2190
1487;2192
1491;2194
1491;2197
1492;2199
1490;2202
1484;2204
1477;2206
1476;2209
1477;2211
1479;2214
1485;2216
1485;2219
1481;2222
1482;2224
1489;2227
1490;2229
1490;2231
1489;2234
1488;2236
1491;2239
1494;2241
1488;2243
1481;2246
1475;2248
1474;2251
1474;2253
1483;2255
1488;2258
1488;2260
1485;2264
1484;2266
1487;2269
1481;2271
1471;2273
1473;2276
1471;2278
1472;2281
1478;2283
1484;2285
1489;2288
1495;2290
1496;2293
1499;2295
1501;2297
1502;2300
1504;2302
1498;2306
1491;2308
1488;2310
1484;2313
1483;2315
1479;2318
1480;2320
1488;2322
1489;2325
1489;2327
1492;2330
1487;2332
1482;2334
1481;2337
1481;2339
1484;2342
1488;2344
1491;2348
1490;2350
1496;2352
1507;2355
1511;2357
1511;2360
1507;2362
1501;2364
1498;2367
1499;2369
1500;2372
1491;2374
1490;2376
1495;2379
1497;2381
1494;2384
1492;2386
1490;2388
1488;2392
1487;2394
1486;2397
1488;2399
1489;2401
1487;2404
1485;2406
1481;2409
1476;2411
1477;2413
1483;2416
1485;2418
1481;2421
1476;2423
1478;2425
1485;2428
1489;2430
1488;2434
1486;2436
1485;2439
1486;2441
1488;2443
1491;2446
1493;2448
1493;2451
1486;2453
1477;2455
1469;2458
1467;2460
1470;2463
1474;2465
1483;2467
1492;2470
1498;2472
1497;2476
1491;2478
1483;2480
1478;2483
1477;2485
1480;2488
1479;2490
1488;2492
1501;2495
1496;2497
1500;2500
1505;2502
1504;2504
1498;2507
1493;2509
1489;2512
1483;2514
1483;2518
1493;2520
1497;2522
1496;2525
1494;2527
1494;2530
1504;2532
1511;2534
1506;2537
1502;2539
1498;2542
1495;2544
1495;2546
1493;2549
1497;2551
1508;2554
1510;2556
1506;2558
1498;2562
1492;2564
1485;2567
1482;2569
1484;2571
1490;2574
1475;2576
1474;2579
1480;2581
1481;2583
1484;2586
1483;2588
1484;2591
1483;2593
1477;2595
1472;2598
1471;2600
1473;2604
1477;2606
1485;2609
1492;2611
1489;2613
1488;2616
1489;2618
1487;2621
1484;2623
1481;2625
1483;2628
1507;2630
1506;2633
1503;2635
1501;2637
1500;2640
1495;2642
1492;2646
1488;2648
1485;2650
1487;2653
1489;2655
1491;2658
1490;2660
1477;2662
1466;2665
1463;2667
1466;2670
1470;2672
1473;2674
1479;2677
1484;2679
1488;2682
1485;2684
1482;2686
1495;2690
1496;2692
1496;2695
1495;2697
1498;2699
1492;2702
1485;2704
1487;2707
1486;2709
1491;2712
1493;2714
1493;2716
1495;2719
1497;2721
1498;2724
1502;2726
1504;2728
1504;2732
1498;2734
1494;2737
1488;2739
1486;2741
1485;2744
1490;2746
1488;2749
1486;2751
1483;2753
1481;2756
1484;2758
1493;2761
1502;2763
1502;2765
1498;2768
1497;2770
1494;2774
1491;2776
1487;2778
1487;2781
1485;2783
1485;2786
1486;2788
1487;2790
1475;2793
1480;2795
1484;2798
1487;2800
1485;2803
1483;2805
1487;2807
1499;2810
1525;2812
1529;2816
1526;2818
1526;2820
1521;2823
1507;2825
1500;2828
1492;2830
1487;2832
1482;2835
1477;2837
1475;2840
1471;2842
1470;2844
1471;2847
1474;2849
1475;2852
1474;2854
1474;2856
1476;2860
1479;2862
1482;2865
1487;2867
1491;2869
1487;2872
1484;2874
1482;2877
1482;2879
1482;2881
1485;2884
1484;2886
1477;2889
1490;2891
1502;2894
1500;2896
1499;2898
1496;2902
1490;2904
1487;2907
1483;2909
1485;2911
1495;2914
1506;2916
1508;2919
1509;2921
1507;2923
1499;2926
1490;2928
1483;2931
1478;2933
1476;2935
1474;2938
1475;2940
1485;2944
1491;2946
1492;2948
1490;2951
1488;2953
1486;2956
1489;2958
1489;2960
1489;2963
1500;2965
1505;2968
1502;2970
1493;2972
1476;2975
1479;2977
1485;2980
1491;2982
1495;2985
1494;2988
1498;2990
1512;2993
1522;2995
1513;2998
1503;3000
1497;3002
1493;3005
1489;3007
1484;3010
1484;3012
1484;3014
1489;3017
1498;3019
1508;3022
1514;3024
1507;3026
1495;3030
1487;3032
1487;3035
1484;3037
1485;3039
1488;3042
1499;3044
1499;3047
1486;3049
1491;3051
1494;3054
1489;3056
1486;3059
1486;3061
1485;3064
1486;3066
1517;3068
1528;3072
1532;3074
1525;3077
1512;3079
1496;3081
1485;3084
1479;3086
1477;3089
1478;3091
1486;3093
1484;3096
1481;3098
1479;3101
1478;3103
1480;3105
1478;3108
1479;3110
1483;3113
1484;3116
1484;3118
1492;3121
1482;3123
1483;3126
1488;3128
1491;3130
1490;3133
1490;3135
1493;3138
1488;3140
1487;3143
1492;3145
1494;3147
1499;3150
1497;3152
1494;3155
1505;3158
1522;3160
1516;3163
1507;3165
1494;3168
1486;3170
1484;3172
1484;3175
1484;3177
1484;3180
1481;3182
1481;3184
1480;3187
1478;3189
1479;3192
1481;3194
1484;3196
1487;3200
1488;3202
1487;3205
1491;3207
1492;3210
1497;3212
1502;3214
1504;3217
1502;3219
1500;3222
1511;3224
1515;3226
1506;3229
1509;3231
1517;3234
1513;3236
1505;3238
1494;3241
1483;3244
1480;3247
1477;3249
1478;3251
1476;3254
1474;3256
1474;3259
1472;3261
1472;3263
1473;3266
1476;3268
1483;3271
1496;3273
1509;3275
1511;3278
1515;3280
1513;3283
1506;3286
1497;3288
1489;3291
1490;3293
1488;3296
1497;3298
1504;3300
1500;3303
1491;3305
1486;3308
1476;3310
1475;3313
1477;3315
1482;3317
1490;3320
1492;3322
1491;3325
1483;3328
1474;3330
1472;3333
1473;3335
1475;3338
1482;3340
1489;3342
1499;3345
1502;3347
1496;3350
1492;3352
1485;3354
1481;3357
1478;3359
1477;3362
1480;3364
1490;3366
1495;3369
1513;3372
1518;3375
1516;3377
1509;3379
1498;3382
1492;3384
1484;3387
1480;3389
1479;3392
1475;3394
1468;3396
1457;3399
1453;3401
1458;3404
1463;3406
1466;3408
1470;3411
1474;3414
1488;3417
1518;3419
1530;3421
1530;3424
1518;3426
1505;3429
1491;3431
1485;3433
1481;3436
1481;3438
1487;3441
1489;3443
1484;3445
1476;3448
1469;3450
1467;3453
1476;3456
1489;3458
1492;3461
1492;3463
1489;3466
1497;3468
1506;3471
1500;3473
1502;3475
1496;3478
1489;3480
1486;3483
1483;3485
1483;3487
1486;3490
1487;3492
1487;3495
1485;3497
1476;3500
1477;3503
1484;3505
1487;3508
1499;3510
1499;3512
1496;3515
1491;3517
1489;3520
1495;3522
1494;3524
1492;3527
1501;3529
1506;3532
1519;3534
1522;3536
1518;3539
1512;3542
1504;3545
1500;3547
1485;3550
1479;3552
1480;3554
1475;3557
1482;3559
1489;3562
1490;3564
1481;3566
1482;3569
1484;3571
1484;3574
1487;3576
1529;3578
1547;3581
1543;3584
1534;3587
1516;3589
1499;3591
1492;3594
1487;3596
1479;3599
1474;3601
1477;3603
1486;3606
1485;3608
1497;3611
1501;3613
1503;3615
1496;3618
1486;3620
1483;3623
1487;3625
1490;3628
1495;3631
1497;3633
1488;3636
1490;3638
1490;3641
1493;3643
1495;3645
1495;3648
1489;3650
1489;3653
1497;3655
1515;3657
1526;3660
1526;3662
1516;3665
1502;3667
1493;3670
1488;3673
1491;3675
1500;3678
1507;3680
1498;3682
1498;3685
1499;3687
1499;3690
1493;3692
1490;3694
1492;3697
1507;3699
1505;3702
1497;3704
1495;3707
1491;3709
1489;3712
1490;3715
1496;3717
1497;3720
1493;3722
1492;3724
1490;3727
1494;3729
1510;3732
1515;3734
1512;3736
1525;3739
1528;3741
1514;3744
1495;3746
1489;3748
1481;3751
1480;3753
1494;3757
1512;3759
1514;3761
1509;3764
1500;3766
1490;3769
1485;3771
1483;3773
1482;3776
1485;3778
1488;3781
1491;3783
1499;3786
1503;3788
1503;3790
1500;3793
1499;3795
1496;3799
1494;3801
1500;3803
1502;3806
1508;3808
1516;3811
1515;3813
1508;3815
1502;3818
1496;3820
1495;3823
1497;3825
1513;3827
1522;3830
1512;3832
1506;3835
1506;3837
1496;3841
1491;3843
1490;3845
1490;3848
1491;3850
1503;3853
1512;3855
1517;3857
1519;3860
1502;3862
1490;3865
1484;3867
1483;3869
1483;3872
1487;3874
1491;3877
1501;3879
1513;3881
1514;3885
1505;3887
1490;3890
1485;3892
1487;3894
1489;3897
1495;3899
1498;3902
1496;3904
1494;3906
1489;3909
1487;3911
1493;3914
1496;3916
1494;3918
1492;3921
1501;3923
1497;3927
1509;3929
1515;3932
1505;3934
1495;3936
1494;3939
1493;3941
1495;3944
1480;3946
1473;3948
1481;3951
1494;3953
1506;3956
1510;3958
1517;3960
1511;3963
1506;3965
1503;3969
1503;3971
1498;3973
1493;3976
1493;3978
1493;3981
1497;3983
1506;3985
1508;3988
1506;3990
1493;3993
1480;3995
1475;3998
1477;4000
1492;4002
1493;4005
1490;4007
1486;4011
1487;4013
1489;4015
1486;4018
1525;4020
1551;4023
1558;4025
1553;4027
1532;4030
1513;4032
1502;4035
1497;4037
1504;4039
1500;4042
1499;4044
1500;4047
1500;4049
1491;4051
1489;4055
1488;4057
1488;4060
1488;4062
1498;4064
1502;4067
1495;4069
1489;4072
1481;4074
1478;4076
1480;4079
1488;4081
1494;4084
1506;4086
1513;4088
1527;4091
1532;4093
1511;4097
1496;4099
1493;4102
1490;4104
1491;4106
1490;4109
1489;4111
1491;4114
1504;4116
1512;4118
1526;4121
1536;4123
1537;4126
1524;4128
1510;4130
1500;4133
1496;4135
1493;4139
1491;4141
1491;4143
1497;4146
1504;4148
1519;4151
1522;4153
1515;4155
1510;4158
1499;4160
1492;4163
1489;4165
1492;4167
1491;4170
1481;4172
1471;4175
1464;4177
1466;4180
1479;4183
1490;4185
1501;4188
1511;4190
1526;4193
1527;4195
1522;4197
1508;4200
1497;4202
1494;4205
1490;4207
1493;4209
1492;4212
1497;4214
1509;4217
1514;4219
1511;4221
1516;4225
1515;4227
1519;4230
1518;4232
1508;4234
1497;4237
1485;4239
1485;4242
1491;4244
1496;4246
1513;4249
1505;4251
1491;4254
1495;4256
1503;4259
1504;4261
1499;4263
1496;4267
1496;4269
1520;4272
1535;4274
1534;4276
1529;4279
1516;4281
1503;4284
1495;4286
1486;4288
1485;4291
1485;4293
1485;4296
1490;4298
1494;4300
1495;4303
1496;4305
1493;4308
1492;4311
1493;4313
1491;4316
1502;4318
1519;4321
1521;4323
1502;4326
1503;4328
1505;4330
1506;4333
1501;4335
1499;4338
1496;4340
1493;4342
1492;4345
1500;4347
1498;4350
1497;4353
1500;4355
1502;4358
1498;4360
1494;4363
1497;4365
1496;4367
1496;4370
1492;4372
1489;4375
1488;4377
1490;4379
1496;4382
1503;4384
1506;4387
1508;4389
1508;4392
1485;4395
1475;4397
1483;4400
1492;4402
1497;4405
1506;4407
1506;4409
1499;4412
1491;4414
1489;4417
1490;4419
1495;4421
1512;4424
1518;4426
1515;4429
1505;4431
1499;4433
1499;4436
1505;4439
1513;4442
1514;4444
1513;4446
1514;4449
1499;4451
1495;4454
1496;4456
1495;4458
1496;4461
1496;4463
1489;4466
1491;4468
1504;4471
1506;4473
1503;4475
1497;4478
1495;4481
1491;4484
1494;4486
1504;4488
1501;4491
1495;4493
1491;4496
1489;4498
1492;4500
1496;4503
1499;4505
1501;4508
1502;4510
1509;4512
1518;4515
1521;4517
1520;4520
1513;4523
1503;4525
1497;4528
1493;4530
1493;4533
1500;4535
1515;4537
1525;4540
1506;4542
1504;4545
1508;4547
1510;4550
1505;4552
1505;4554
1507;4557
1514;4559
1521;4562
1522;4564
1514;4567
1509;4570
1509;4572
1504;4575
1501;4577
1503;4579
1507;4582
1509;4584
1514;4587
1518;4589
1519;4591
1510;4594
1504;4596
1502;4599
1500;4601
1494;4603
1492;4606
1490;4609
1491;4612
1493;4614
1497;4617
1502;4619
1497;4621
1495;4624
1495;4626
1494;4629
1495;4631
1497;4633
1500;4636
1506;4638
1513;4641
1523;4643
1521;4645
1532;4648
1532;4651
1526;4654
1517;4656
1508;4658
1503;4661
1503;4663
1507;4666
1512;4668
1509;4670
1500;4673
1501;4675
1501;4678
1502;4680
1500;4682
1496;4685
1494;4687
1494;4690
1495;4692
1496;4696
1494;4698
1490;4700
1490;4703
1498;4705
1496;4708
1497;4710
1499;4712
1500;4715
1506;4717
1508;4720
1523;4722
1538;4724
1537;4727
1545;4729
1540;4732
1520;4734
1500;4737
1491;4740
1489;4742
1490;4745
1507;4747
1505;4749
1490;4752
1482;4754
1482;4757
1485;4759
1494;4762
1502;4764
1505;4766
1507;4769
1506;4771
1502;4774
1500;4776
1499;4779
1504;4782
1508;4784
1511;4787
1510;4789
1505;4791
1503;4794
1500;4796
1497;4799
1505;4801
1505;4803
1514;4806
1525;4808
1519;4811
1496;4813
1482;4815
1489;4818
1498;4820
1498;4824
1492;4826
1490;4828
1497;4831
1512;4833
1534;4836
1540;4838
1534;4841
1518;4843
1498;4845
1492;4848
1490;4850
1488;4853
1484;4855
1479;4857
1475;4860
1477;4862
1480;4866
1482;4868
1489;4870
1495;4873
1497;4875
1499;4878
1508;4880
1515;4882
1511;4885
1527;4887
1535;4890
1541;4892
1535;4894
1528;4897
1512;4899
1502;4902
1497;4904
1497;4907
1497;4910
1493;4912
1487;4915
1482;4917
1481;4920
1482;4922
1487;4924
1490;4927
1493;4929
1500;4932
1509;4934
1508;4936
1516;4939
1517;4941
1513;4944
1503;4946
1495;4948
1493;4952
1492;4954
1492;4957
1492;4959
1497;4961
1501;4964
1512;4966
1503;4969
1488;4971
1480;4973
1477;4976
1481;4978
1489;4981
1504;4983
1519;4985
1519;4988
1504;4990
1485;4994
1484;4996
1484;4999
1483;5001
1487;5003
1489;5006
1492;5008
1496;5011
1507;5013
1512;5015
1506;5018
1506;5020
1503;5023
1499;5025
1492;5027
1489;5030
1488;5032
1487;5036
1489;5038
1495;5040
1506;5043
1514;5045
1509;5048
1498;5050
1491;5053
1484;5055
1485;5057
1481;5060
1476;5062
1488;5065
1493;5067
1493;5069
1491;5072
1490;5074
1501;5078
1509;5080
1510;5082
1515;5085
1513;5087
1505;5090
1497;5092
1492;5094
1493;5097
1493;5099
1496;5102
1492;5104
1490;5106
1495;5109
1497;5111
1494;5114
1491;5116
1493;5118
1505;5122
1507;5124
1510;5127
1499;5129
1486;5132
1488;5134
1491;5136
1496;5139
1508;5141
1510;5144
1509;5146
1505;5148
1495;5151
1489;5153
1487;5156
1482;5158
1474;5160
1476;5164
1481;5166
1487;5169
1489;5171
1500;5173
1514;5176
1553;5178
1531;5181
1549;5183
1557;5185
1546;5188
1525;5190
1509;5193
1497;5195
1497;5197
1493;5200
1488;5202
1484;5206
1484;5208
1480;5211
1476;5213
1476;5215
1476;5218
1481;5220
1484;5223
1483;5225
1485;5227
1480;5230
1482;5232
1487;5235
1493;5237
1505;5239
1510;5242
1503;5244
1495;5248
1485;5250
1486;5252
1487;5255
1493;5257
1494;5260
1505;5262
1511;5264
1508;5267
1501;5269
1496;5272
1491;5274
1493;5276
1500;5279
1498;5281
1503;5284
1507;5286
1499;5288
1493;5292
1493;5294
1494;5297
1497;5299
1501;5302
1500;5304
1496;5306
1488;5309
1486;5311
1487;5314
1487;5316
1491;5318
1496;5321
1500;5323
1496;5326
1494;5328
1489;5330
1480;5334
1480;5336
1487;5339
1491;5341
1493;5343
1504;5346
1502;5348
1497;5351
1488;5353
1486;5355
1483;5358
1488;5360
1497;5363
1528;5365
1514;5367
1520;5370
1518;5372
1505;5376
1497;5378
1490;5381
1489;5383
1493;5385
1491;5388
1481;5390
1486;5393
1488;5395
1489;5397
1482;5400
1480;5402
1482;5405
1473;5407
1486;5409
1489;5412
1487;5414
1486;5417
1486;5420
1487;5422
1493;5425
1489;5427
1492;5430
1489;5432
1482;5434
1478;5437
1480;5439
1482;5442
1488;5444
1501;5446
1511;5449
1510;5451
1504;5454
1499;5456
1496;5459
1490;5462
1490;5464
1487;5467
1466;5469
1471;5472
1492;5474
1506;5476
1507;5479
1496;5481
1495;5484
1491;5486
1483;5488
1477;5491
1471;5493
1464;5496
1464;5498
1471;5500
1477;5504
1483;5506
1495;5509
1506;5511
1523;5513
1536;5516
1526;5518
1507;5521
1486;5523
1476;5525
1477;5528
1480;5530
1483;5533
1480;5535
1487;5538
1493;5540
1496;5542
1491;5545
1489;5548
1492;5551
1493;5553
1492;5555
1489;5558
1486;5560
1481;5563
1480;5565
1486;5567
1494;5570
1499;5572
1499;5575
1503;5577
1493;5579
1494;5582
1499;5584
1503;5587
1507;5590
1509;5592
1502;5595
1508;5597
1508;5600
1499;5602
1496;5605
1493;5607
1493;5609
1498;5612
1503;5614
1502;5617
1503;5619
1499;5621
1488;5624
1487;5626
1487;5629
1487;5632
1487;5634
1488;5637
1485;5639
1483;5642
1481;5644
1479;5646
1485;5649
1494;5651
1495;5654
1499;5656
1509;5658
1505;5661
1497;5663
1497;5666
1495;5668
1493;5670
1504;5673
1510;5676
1509;5679
1502;5681
1486;5684
1487;5686
1491;5688
1487;5691
1484;5693
1482;5696
1484;5698
1493;5700
1498;5703
1491;5705
1492;5708
1488;5710
1484;5712
1487;5715
1489;5718
1492;5721
1495;5723
1496;5725
1490;5728
1492;5730
1493;5733
1487;5735
1487;5737
1489;5740
1491;5742
1508;5745
1508;5747
1519;5749
1513;5752
1500;5754
1494;5757
1492;5760
1491;5763
1492;5765
1504;5767
1499;5770
1499;5772
1499;5775
1488;5777
1483;5779
1484;5782
1487;5784
1490;5787
1493;5789
1494;5791
1493;5794
1488;5796
1482;5799
1482;5801
1486;5804
1491;5807
1497;5809
1506;5812
1499;5814
1500;5816
1505;5819
1505;5821
1500;5824
1493;5826
1492;5828
1490;5831
1492;5833
1500;5836
1502;5838
1501;5841
1497;5843
1493;5846
1488;5849
1486;5851
1487;5854
1489;5856
1495;5858
1500;5861
1506;5863
1514;5866
1509;5868
1503;5870
1490;5873
1494;5875
1502;5878
1502;5880
1505;5882
1493;5885
1484;5888
1486;5891
1486;5893
1490;5895
1493;5898
1509;5900
1519;5903
1515;5905
1504;5907
1500;5910
1498;5912
1494;5915
1493;5917
1491;5920
1487;5922
1497;5924
1512;5927
1508;5929
1500;5933
1488;5935
1486;5937
1487;5940
1491;5942
1493;5945
1495;5947
1504;5949
1503;5952
1490;5954
1500;5957
1506;5959
1498;5961
1491;5964
1486;5966
1485;5969
1486;5971
1493;5975
1512;5977
1522;5979
1532;5982
1536;5984
1520;5987
1503;5989
1492;5991
1487;5994
1483;5996
1480;5999
1482;6001
1482;6003
1476;6006
1473;6008
1473;6011
1472;6013
1478;6016
1482;6019
1486;6021
1490;6024
1494;6026
1480;6028
1465;6031
1472;6033
1480;6036
1488;6038
1493;6040
1493;6043
1494;6045
1503;6048
1504;6050
1501;6053
1507;6055
1512;6057
1520;6061
1519;6063
1509;6066
1497;6068
1484;6070
1482;6073
1479;6075
1480;6078
1494;6080
1506;6082
1511;6085
1511;6087
1500;6090
1492;6092
1489;6094
1489;6097
1482;6099
1469;6103
1473;6105
1479;6107
1482;6110
1489;6112
1495;6115
1495;6117
1491;6120
1493;6122
1505;6124
1522;6127
1532;6129
1529;6132
1512;6134
1499;6136
1488;6139
1485;6141
1488;6145
1490;6147
1489;6149
1484;6152
1479;6154
1480;6157
1482;6159
1487;6161
1490;6164
1492;6166
1496;6169
1497;6171
1485;6173
1489;6176
1497;6178
1495;6181
1497;6183
1497;6185
1499;6189
1504;6191
1506;6194
1501;6196
1497;6199
1493;6201
1491;6203
1492;6206
1496;6208
1496;6211
1492;6213
1489;6215
1489;6218
1490;6220
1495;6223
1498;6225
1500;6227
1503;6231
1498;6233
1490;6236
1491;6238
1494;6240
1497;6243
1501;6245
1507;6248
1530;6250
1547;6252
1554;6255
1547;6257
1524;6260
1511;6262
1501;6265
1496;6267
1495;6269
1497;6273
1495;6275
1488;6278
1487;6280
1489;6282
1489;6285
1487;6287
1489;6290
1489;6292
1492;6294
1488;6297
1486;6299
1488;6302
1492;6304
1497;6306
1502;6309
1505;6311
1506;6315
1492;6317
1489;6319
1493;6322
1495;6324
1494;6327
1495;6329
1502;6332
1516;6334
1515;6336
1504;6339
1499;6341
1494;6344
1495;6346
1496;6348
1496;6351
1498;6353
1501;6356
1509;6359
1525;6361
1510;6364
1525;6366
1529;6369
1518;6371
1505;6373
1496;6376
1493;6378
1490;6381
1485;6383
1478;6385
1474;6388
1473;6390
1468;6393
1474;6395
1485;6398
1493;6401
1499;6403
1510;6406
1520;6408
1518;6411
1510;6413
1500;6415
1494;6418
1492;6420
1495;6423
1502;6425
1506;6427
1508;6430
1510;6432
1508;6435
1504;6437
1499;6439
1496;6443
1487;6445
1485;6448
1491;6450
1490;6452
1491;6455
1493;6457
1494;6460
1495;6462
1497;6464
1499;6467
1499;6469
1496;6472
1492;6474
1498;6476
1500;6479
1497;6481
1493;6484
1491;6487
1493;6489
1508;6492
1509;6494
1513;6497
1519;6499
1525;6502
1526;6504
1519;6506
1509;6509
1496;6511
1483;6514
1470;6516
1461;6518
1474;6521
1486;6523
1489;6526
1493;6529
1504;6531
1521;6534
1524;6536
1518;6539
1504;6541
1490;6543
1485;6546
1488;6548
1490;6551
1492;6553
1494;6555
1500;6558
1504;6560
1506;6563
1503;6565
1498;6567
1496;6571
1490;6573
1490;6576
1491;6578
1495;6580
1506;6583
1490;6585
1492;6588
1497;6590
1495;6593
1493;6595
1492;6597
1492;6600
1493;6602
1496;6605
1498;6607
1502;6609
1490;6612
1492;6615
1490;6618
1486;6620
1489;6622
1495;6625
1495;6627
1502;6630
1506;6632
1508;6634
1511;6637
1509;6639
1506;6642
1500;6644
1496;6646
1489;6649
1483;6651
1483;6654
1486;6657
1488;6659
1480;6662
1486;6664
1494;6667
1501;6669
1499;6672
1499;6674
1498;6676
1494;6679
1492;6681
1486;6684
1488;6686
1498;6688
1501;6691
1503;6693
1511;6696
1511;6699
1519;6701
1523;6704
1497;6706
1495;6709
1493;6711
1488;6713
1485;6716
1491;6718
1494;6721
1474;6723
1478;6725
1494;6728
1500;6730
1503;6733
1500;6735
1494;6737
1490;6740
1488;6743
1493;6746
1505;6748
1501;6750
1499;6753
1506;6755
1508;6758
1498;6760
1487;6763
1483;6765
1483;6767
1486;6770
1501;6772
1498;6775
1480;6777
1468;6779
1470;6782
1477;6785
1483;6788
1487;6790
1491;6792
1493;6795
1498;6797
1504;6800
1501;6802
1496;6804
1490;6807
1485;6809
1495;6812
1512;6814
1516;6816
1514;6819
1510;6821
1500;6824
1490;6827
1491;6830
1485;6832
1473;6834
1489;6837
1497;6839
1496;6842
1494;6844
1486;6846
1482;6849
1483;6851
1491;6854
1502;6856
1505;6858
1513;6861
1500;6863
1489;6866
1479;6868
1475;6871
1478;6874
1483;6876
1485;6879
1485;6881
1477;6883
1486;6886
1527;6888
1541;6891
1529;6893
1516;6895
1501;6898
1492;6900
1490;6903
1487;6905
1488;6908
1488;6910
1482;6913
1476;6916
1475;6918
1474;6921
1476;6923
1477;6925
1483;6928
1485;6930
1485;6933
1494;6935
1492;6937
1490;6940
1494;6942
1485;6945
1483;6947
1483;6949
1484;6952
1486;6955
1488;6958
1483;6960
1484;6962
1486;6965
1484;6967
1495;6970
1507;6972
1511;6974
1513;6977
1511;6979
1504;6982
1497;6984
1497;6987
1502;6989
1484;6991
1486;6994
1496;6996
1498;7000
1498;7002
1493;7004
1487;7007
1493;7009
1502;7012
1495;7014
1497;7016
1492;7019
1482;7021
1476;7024
1476;7026
1478;7028
1480;7031
1485;7033
1494;7036
1477;7038
1488;7041
1504;7044
1502;7046
1490;7049
1486;7051
1491;7053
1481;7056
1472;7058
1475;7061
1478;7063
1481;7066
1482;7068
1484;7070
1487;7073
1490;7075
1494;7078
1496;7080
1498;7083
1507;7086
1511;7088
1512;7091
1511;7093
1503;7095
1498;7098
1479;7100
1473;7103
1473;7105
1474;7107
1468;7110
1472;7112
1476;7115
1488;7117
1499;7119
1497;7122
1493;7124
1492;7128
1491;7130
1507;7133
1510;7135
1503;7137
1497;7140
1484;7142
1482;7145
1485;7147
1487;7149
1491;7152
1498;7154
1506;7157
1498;7159
1501;7161
1508;7164
1512;7166
1508;7170
1502;7172
1505;7174
1497;7177
1493;7179
1493;7182
1494;7184
1491;7186
1494;7189
1495;7191
1496;7194
1492;7196
1489;7199
1488;7201
1495;7203
1501;7206
1505;7208
1521;7212
1520;7214
1507;7216
1491;7219
1478;7221
1478;7224
1479;7226
1480;7228
1481;7231
1483;7233
1487;7236
1493;7238
1500;7240
1508;7243
1515;7245
1518;7248
1514;7250
1499;7252
1485;7256
1482;7258
1484;7261
1483;7263
1489;7265
1484;7268
1481;7270
1486;7273
1483;7275
1480;7278
1489;7280
1503;7282
1516;7285
1523;7287
1503;7290
1510;7292
1514;7294
1503;7298
1493;7300
1493;7303
1497;7305
1491;7307
1486;7310
1484;7312
1481;7315
1480;7317
1481;7319
1483;7322
1484;7324
1486;7327
1486;7329
1491;7331
1502;7334
1520;7336
1534;7340
1534;7342
1524;7345
1503;7347
1488;7349
1476;7352
1474;7354
1477;7357
1477;7359
1477;7361
1476;7364
1476;7366
1474;7369
1473;7371
1474;7373
1476;7376
1480;7378
1485;7382
1488;7384
1491;7386
1498;7389
1509;7391
1518;7394
1529;7396
1529;7398
1517;7401
1507;7403
1497;7406
1491;7408
1487;7411
1485;7413
1484;7415
1482;7418
1486;7420
1488;7424
1487;7426
1486;7428
1488;7431
1499;7433
1499;7436
1502;7438
1522;7440
1518;7443
1497;7445
1479;7448
1474;7450
1475;7452
1478;7455
1480;7457
1481;7460
1481;7462
1480;7464
1480;7468
1481;7470
1483;7473
1486;7475
1489;7477
1491;7480
1492;7482
1494;7485
1501;7487
1509;7490
1515;7492
1522;7494
1519;7497
1508;7499
1501;7502
1499;7504
1499;7506
1495;7510
1494;7512
1491;7515
1487;7517
1487;7519
1488;7522
1489;7524
1491;7527
1492;7529
1495;7531
1498;7534
1510;7536
1519;7539
1519;7541
1511;7544
1498;7546
1489;7548
1487;7552
1486;7554
1486;7557
1486;7559
1486;7561
1487;7564
1487;7566
1487;7569
1487;7571
1487;7573
1487;7576
1488;7578
1488;7581
1491;7583
1493;7585
1491;7588
1496;7590
1498;7593
1496;7596
1494;7598
1492;7601
1488;7603
1486;7606
1484;7608
1484;7611
1487;7613
1489;7615
1490;7618
1491;7620
1491;7623
1492;7625
1493;7627
1502;7630
1509;7632
1511;7635
1506;7638
1497;7640
1492;7643
1490;7645
1488;7648
1488;7650
1488;7652
1488;7655
1489;7657
1489;7660
1489;7662
1489;7664
1490;7667
1490;7669
1490;7672
1490;7674
1491;7677
1490;7680
1491;7682
1491;7685
1491;7687
1492;7690
1492;7692
1492;7694
1492;7697
1491;7699
1491;7702
1492;7704
1492;7706
1492;7709
1492;7711
1492;7714
1491;7716
1491;7718
1491;7721
1491;7724
1490;7727
1491;7729
1491;7731
1493;7734
1492;7736
1494;7739
1495;7741
1496;7743
1495;7746
1496;7748
1496;7751
1496;7753
1495;7756
1493;7758
1493;7760
1492;7763
1492;7766
1493;7769
1492;7771
1493;7773
1493;7776
1494;7778
1495;7781
1495;7783
1495;7785
1496;7788
1498;7790
1499;7793
1498;7795
1497;7797
1496;7800
1496;7802
1497;7805
1497;7808
1497;7810
1497;7813
1498;7815
1499;7818
1501;7820
1502;7822
1502;7825
1502;7827
1501;7830
1499;7832
1499;7835
1499;7837
1500;7839
1501;7842
1500;7844
1501;7847
1503;7849
1507;7852
1508;7855
1509;7857
1509;7860
1507;7862
1506;7864
1506;7867
1504;7869
1505;7872
1506;7874
1506;7876
1505;7879
1505;7881
1504;7884
1504;7886
1504;7888
1504;7891
1506;7894
1506;7897
1507;7899
1508;7902
1507;7904
1507;7906
1506;7909
1507;7911
1510;7914
1510;7916
1512;7918
1513;7921
1511;7923
1508;7926
1507;7928
1506;7930
1505;7933
1506;7936
1506;7939
1506;7941
1506;7943
1506;7946
1506;7948
1507;7951
1505;7953
1503;7955
1505;7958
1506;7960
1508;7963
1507;7965
1505;7968
1503;7970
1502;7972
1502;7975
1502;7977
1502;7981
1502;7983
1502;7985
1502;7988
1502;7990
1501;7993
1501;7995
1499;7997
1499;8000
1501;8002
1503;8005
1505;8007
1504;8009
1503;8012
1502;8014
1500;8017
1499;8019
1498;8022
1498;8025
1498;8027
1498;8030
1498;8032
1498;8034
1499;8037
1499;8039
1504;8042
1505;8044
1508;8047
1508;8049
1505;8051
1499;8054
1496;8056
1495;8059
1495;8061
1493;8064
1493;8067
1495;8069
1496;8072
1494;8074
1493;8076
1493;8079
1494;8081
1495;8084
1502;8086
1508;8088
1509;8091
1508;8093
1502;8096
1497;8098
1494;8100
1492;8103
1490;8105
1489;8109
1489;8111
1489;8113
1489;8116
1488;8118
1489;8121
1489;8123
1489;8125
1489;8128
1488;8130
1487;8133
1487;8135
1488;8138
1489;8140
1490;8142
1490;8145
1491;8147
1493;8151
1492;8153
1492;8155
1491;8158
1490;8160
1489;8163
1489;8165
1491;8167
1492;8170
1493;8172
1493;8175
1491;8177
1490;8179
1489;8182
1489;8184
1491;8187
1490;8189
1488;8192
1493;8195
1496;8197
1494;8200
1490;8202
1487;8204
1485;8207
1484;8209
1484;8212
1485;8214
1485;8216
1486;8219
1487;8221
1488;8224
1489;8226
1489;8229
1489;8231
1489;8233
1490;8237
1490;8239
1490;8242
1490;8244
1490;8246
1490;8249
1490;8251
1491;8254
1491;8256
1492;8258
1493;8261
1494;8263
1496;8266
1497;8268
1497;8270
1495;8273
1495;8275
1495;8279
1495;8281
1495;8283
1494;8286
1494;8288
1492;8291
1491;8293
1491;8296
1490;8298
1491;8300
1491;8303
1492;8305
1493;8308
1493;8310
1492;8312
1491;8315
1490;8317
1490;8321
1491;8323
1492;8325
1493;8328
1492;8330
1493;8333
1494;8335
1494;8337
1494;8340
1493;8342
1493;8345
1492;8347
1493;8349
1494;8352
1495;8354
1496;8357
1499;8359
1500;8361
1499;8365
1498;8367
1496;8370
1496;8372
1496;8375
1496;8377
1496;8379
1498;8382
1501;8384
1502;8387
1505;8389
1506;8391
1503;8394
1499;8396
1497;8399
1496;8401
1495;8403
1494;8407
1494;8409
1493;8412
1493;8414
1493;8416
1493;8419
1493;8421
1495;8424
1498;8426
1500;8428
1501;8431
1501;8433
1499;8436
1498;8438
1498;8440
1498;8443
1498;8445
1498;8449
1497;8451
1497;8454
1497;8456
1497;8458
1497;8461
1497;8463
1497;8466
1499;8468
1500;8470
1501;8473
1501;8475
1501;8478
1500;8480
1500;8482
1501;8485
1501;8487
1502;8491
1506;8493
1508;8495
1515;8498
1518;8500
1516;8503
1509;8505
1504;8507
1502;8510
1500;8512
1499;8515
1498;8517
1498;8519
1497;8522
1498;8524
1498;8527
1498;8529
1497;8532
1497;8535
1498;8537
1499;8540
1499;8542
1499;8545
1498;8547
1499;8549
1502;8552
1501;8554
1502;8557
1503;8559
1502;8561
1500;8564
1500;8566
1499;8569
1499;8571
1499;8573
1498;8577
1498;8579
1498;8582
1498;8584
1498;8586
1499;8589
1499;8591
1499;8594
1501;8596
1501;8599
1500;8601
1501;8603
1500;8606
1500;8608
1500;8611
1499;8613
1499;8615
1499;8619
1499;8621
1499;8624
1503;8626
1503;8628
1504;8631
1505;8633
1502;8636
1500;8638
1498;8640
1498;8643
1499;8645
1498;8648
1498;8650
1498;8652
1498;8655
1498;8657
1498;8660
1498;8663
1499;8665
1499;8668
1500;8670
1502;8673
1502;8675
1501;8678
1499;8680
1499;8682
1499;8685
1499;8687
1499;8690
1499;8692
1500;8694
1500;8697
1500;8699
1501;8702
1502;8705
1502;8707
1501;8710
1501;8712
1500;8715
1500;8717
1500;8719
1499;8722
1499;8724
1499;8727
1498;8729
1498;8731
1499;8734
1500;8736
1499;8739
1499;8741
1500;8744
1499;8747
1498;8749
1499;8752
1498;8754
1498;8757
1498;8759
1498;8761
1498;8764
1498;8766
1497;8769
1499;8771
1500;8773
1500;8776
1500;8778
1501;8781
1501;8783
1501;8785
1500;8788
1500;8791
1500;8794
1500;8796
1501;8798
1503;8801
1504;8803
1508;8806
1509;8808
1506;8811
1502;8813
1500;8815
1498;8818
1498;8820
1497;8823
1497;8825
1497;8827
1497;8830
1497;8833
1499;8836
1500;8838
1501;8840
1501;8843
1500;8845
1498;8848
1497;8850
1497;8852
1496;8855
1496;8857
1496;8860
1497;8862
1497;8864
1497;8867
1497;8869
1497;8872
1498;8875
1499;8877
1499;8880
1500;8882
1501;8885
1501;8887
1499;8890
1498;8892
1498;8894
1498;8897
1498;8899
1498;8902
1498;8904
1498;8906
1498;8909
1498;8911
1498;8914
1498;8916
1498;8919
1499;8922
1500;8924
1502;8927
1506;8929
1508;8931
1508;8934
1506;8936
1503;8939
1500;8941
1499;8943
1498;8946
1498;8948
1497;8951
1497;8953
1498;8956
1498;8958
1498;8961
1498;8964
1498;8966
1499;8969
1499;8971
1500;8973
1500;8976
1499;8978
1499;8981
1499;8983
1499;8985
1499;8988
1499;8990
1499;8993
1499;8995
1499;8997
1497;9000
1498;9003
1500;9006
1501;9008
1502;9010
1501;9013
1501;9015
1500;9018
1499;9020
1498;9022
1498;9025
1498;9027
1499;9030
1499;9032
1500;9034
1500;9037
1500;9039
1500;9042
1502;9044
1500;9048
1503;9050
1506;9052
1505;9055
1503;9057
1501;9060
1499;9062
1498;9064
1497;9067
1496;9069
1496;9072
1497;9074
1497;9076
1496;9079
