1500;11334
1500;11337
1500;11339
1501;11342
1501;11344
1501;11347
1501;11350
1501;11353
1505;11355
1509;11358
1511;11360
1511;11363
1507;11365
1505;11367
1504;11370
1503;11372
1502;11375
1501;11377
1501;11380
1500;11382
1502;11385
1504;11387
1503;11390
1503;11393
1504;11395
1503;11398
1502;11400
1500;11403
1499;11405
1499;11408
1500;11410
1500;11413
1500;11415
1500;11418
1502;11420
1503;11422
1503;11425
1502;11427
1500;11430
1499;11432
1498;11436
1498;11438
1497;11441
1498;11443
1499;11446
1499;11448
1498;11451
1498;11453
1498;11455
1496;11458
1497;11460
1499;11463
1499;11465
1498;11468
1496;11470
1495;11473
1493;11475
1492;11479
1494;11481
1495;11483
1496;11486
1495;11488
1497;11491
1498;11493
1499;11496
1501;11498
1501;11501
1500;11503
1499;11506
1498;11508
1499;11510
1499;11513
1500;11515
1502;11518
1502;11521
1501;11524
1499;11526
1497;11529
1497;11531
1498;11534
1496;11536
1495;11538
1493;11541
1493;11543
1493;11546
1488;11548
1491;11551
1495;11553
1496;11556
1495;11558
1493;11561
1492;11564
1491;11567
1491;11569
1490;11571
1490;11574
1492;11576
1493;11579
1493;11581
1491;11584
1491;11586
1490;11589
1490;11591
1490;11594
1489;11596
1489;11598
1492;11601
1495;11603
1495;11607
1494;11609
1492;11612
1490;11614
1489;11617
1489;11619
1489;11622
1489;11624
1489;11626
1490;11629
1490;11631
1490;11634
1488;11636
1488;11639
1488;11641
1488;11644
1487;11646
1487;11650
1488;11652
1489;11655
1490;11657
1489;11659
1487;11662
1486;11664
1486;11667
1486;11669
1485;11672
1485;11674
1489;11677
1490;11679
1489;11682
1488;11684
1488;11686
1488;11689
1489;11692
1489;11695
1491;11697
1493;11700
1492;11702
1491;11705
1491;11707
1489;11710
1488;11712
1488;11714
1487;11717
1486;11719
1486;11722
1486;11724
1487;11727
1488;11729
1489;11732
1491;11735
1493;11738
1492;11740
1491;11742
1494;11745
1496;11747
1494;11750
1492;11752
1491;11755
1490;11757
1490;11760
1491;11762
1490;11765
1490;11767
1490;11770
1490;11772
1489;11774
1489;11778
1488;11780
1487;11783
1487;11785
1487;11788
1487;11790
1487;11793
1488;11795
1489;11798
1489;11800
1492;11802
1495;11805
1495;11807
1494;11810
1491;11812
1488;11815
1487;11817
1486;11821
1486;11823
1486;11826
1486;11828
1486;11830
1488;11833
1490;11835
1490;11838
1488;11840
1488;11843
1488;11845
1488;11848
1489;11850
1488;11853
1488;11855
1488;11858
1490;11860
1492;11863
1493;11866
1494;11868
1496;11871
1495;11873
1491;11876
1489;11878
1487;11881
1487;11883
1487;11886
1486;11888
1486;11890
1486;11893
1487;11895
1487;11898
1487;11900
1487;11904
1487;11906
1488;11909
1488;11911
1488;11914
1488;11916
1488;11918
1489;11921
1492;11923
1495;11926
1496;11928
1497;11931
1496;11933
1492;11936
1490;11938
1488;11941
1488;11943
1489;11945
1489;11949
1492;11951
1493;11954
1494;11956
1494;11959
1492;11961
1490;11964
1489;11966
1489;11969
1488;11971
1489;11974
1489;11976
1489;11978
1489;11981
1489;11983
1490;11986
1491;11988
1493;11992
1495;11994
1496;11997
1495;11999
1494;12002
1491;12004
1490;12006
1490;12009
1490;12011
1490;12014
1490;12016
1490;12019
1490;12021
1490;12024
1490;12026
1490;12029
1490;12032
1491;12034
1492;12037
1494;12039
1495;12042
1496;12044
1495;12047
1494;12049
1493;12052
1493;12054
1493;12057
1492;12059
1492;12062
1493;12064
1499;12066
1505;12069
1508;12071
1508;12075
1504;12077
1498;12080
1494;12082
1492;12085
1491;12087
1490;12090
1490;12092
1490;12094
1490;12097
1491;12099
1492;12102
1494;12104
1495;12107
1494;12109
1492;12112
1490;12114
1490;12118
1489;12120
1490;12122
1490;12125
1490;12127
1490;12130
1491;12132
1491;12135
1491;12137
1492;12140
1492;12142
1493;12145
1495;12147
1494;12149
1495;12152
1495;12154
1495;12157
1496;12160
1496;12163
1495;12165
1495;12168
1494;12170
1496;12173
1497;12175
1497;12178
1499;12180
1502;12182
1503;12185
1502;12187
1500;12190
1498;12192
1497;12195
1496;12197
1495;12200
1494;12203
1494;12206
1494;12208
1494;12210
1494;12213
1494;12215
1494;12218
1495;12220
1495;12223
1496;12225
1496;12228
1497;12230
1498;12233
1498;12235
1498;12237
1497;12240
1496;12242
1495;12246
1494;12248
1494;12251
1495;12253
1495;12256
1496;12258
1497;12261
1498;12263
1498;12266
1498;12268
1497;12270
1497;12273
1496;12275
1495;12278
1495;12280
1495;12283
1495;12285
1495;12289
1497;12291
1500;12294
1501;12296
1501;12298
1503;12301
1502;12303
1500;12306
1499;12308
1497;12311
1497;12313
1496;12316
1496;12318
1496;12321
1496;12323
1497;12325
1497;12328
1499;12331
1499;12334
1500;12336
1499;12339
1498;12341
1497;12344
1495;12346
1495;12349
1495;12351
1495;12353
1496;12356
1496;12358
1496;12361
1497;12363
1497;12366
1497;12368
1497;12371
1497;12374
1498;12377
1498;12379
1498;12382
1499;12384
1500;12386
1501;12389
1503;12391
1505;12394
1503;12396
1502;12399
1502;12401
1501;12404
1500;12406
1501;12409
1503;12411
1505;12413
1504;12417
1503;12419
1502;12422
1500;12424
1499;12427
1498;12429
1498;12432
1497;12434
1497;12437
1497;12439
1498;12441
1499;12444
1500;12446
1500;12449
1500;12451
1500;12454
1500;12456
1501;12460
1502;12462
1501;12465
1501;12467
1500;12470
1500;12472
1499;12474
1499;12477
1500;12479
1501;12482
1501;12484
1501;12487
1501;12489
1501;12492
1501;12494
1501;12497
1504;12499
1506;12502
1507;12505
1509;12507
1509;12510
1509;12512
1507;12515
1505;12517
1504;12520
1503;12522
1502;12525
1500;12527
1499;12529
1499;12532
1499;12534
1498;12537
1497;12539
1497;12542
1497;12545
1498;12548
1499;12550
1499;12553
1500;12555
1500;12558
1500;12560
1499;12562
1499;12565
1499;12567
1499;12570
1501;12572
1505;12575
1509;12577
1512;12580
1512;12582
1510;12585
1506;12588
1503;12590
1501;12593
1500;12595
1499;12598
1498;12600
1498;12603
1498;12605
1500;12608
1503;12610
1504;12613
1502;12615
1501;12617
1500;12620
1499;12622
1500;12625
1499;12627
1499;12631
1500;12633
1500;12636
1500;12638
1500;12641
1500;12643
1500;12646
1500;12648
1499;12650
1498;12653
1498;12655
1500;12658
1503;12660
1505;12663
1508;12665
1508;12668
1508;12670
1506;12674
1504;12676
1502;12678
1500;12681
1501;12683
1503;12686
1503;12688
1503;12691
1502;12693
1500;12696
1498;12698
1497;12701
1497;12703
1496;12705
1496;12708
1496;12710
1496;12713
1496;12716
1496;12719
1496;12721
1497;12724
1499;12726
1498;12729
1497;12731
1497;12734
1498;12736
1498;12738
1498;12741
1498;12743
1498;12746
1497;12748
1497;12751
1500;12753
1503;12756
1505;12759
1506;12762
1506;12764
1505;12766
1501;12769
1499;12771
1496;12774
1494;12776
1493;12779
1493;12781
1493;12784
1493;12786
1493;12789
1493;12791
1494;12793
1493;12796
1492;12798
1492;12802
1493;12804
1494;12807
1495;12809
1495;12812
1495;12814
1496;12817
1496;12819
1496;12821
1498;12824
1498;12826
1498;12829
1497;12831
1497;12834
1496;12836
1496;12839
1496;12841
1497;12845
1501;12847
1505;12850
1505;12852
1505;12854
1502;12857
1498;12859
1495;12862
1494;12864
1493;12867
1493;12869
1493;12872
1492;12874
1492;12877
1492;12879
1492;12881
1492;12884
1491;12887
1491;12890
1492;12892
1493;12895
1494;12897
1497;12900
1499;12902
1500;12905
1500;12907
1497;12909
1495;12912
1493;12914
1493;12917
1493;12919
1493;12922
1493;12924
1495;12928
1497;12930
1500;12933
1503;12935
1506;12938
1505;12940
1502;12942
1498;12945
1495;12947
1494;12950
1493;12952
1493;12955
1494;12957
1496;12960
1497;12962
1497;12965
1495;12967
1492;12969
1490;12973
1490;12975
1490;12978
1490;12980
1491;12983
1491;12985
1494;12988
1494;12990
1493;12993
1493;12995
1492;12997
1492;13000
1493;13002
1493;13005
1493;13007
1493;13010
1493;13012
1495;13016
1497;13018
1499;13021
1501;13023
1501;13025
1500;13028
1498;13030
1496;13033
1494;13035
1493;13038
1493;13040
1493;13043
1493;13045
1494;13048
1499;13050
1502;13053
1501;13056
1500;13058
1497;13061
1494;13063
1492;13066
1492;13068
1493;13071
1495;13073
1495;13076
1494;13078
1493;13081
1492;13083
1491;13085
1491;13088
1491;13090
1492;13093
1492;13095
1492;13099
1493;13101
1493;13104
1493;13106
1493;13109
1494;13111
1495;13113
1496;13116
1498;13118
1499;13121
1499;13123
1499;13126
1497;13128
1494;13131
1493;13133
1494;13136
1495;13138
1495;13142
1495;13144
1495;13146
1494;13149
1498;13151
1501;13154
1501;13156
1499;13159
1497;13161
1494;13164
1492;13166
1491;13169
1492;13171
1492;13173
1493;13176
1493;13178
1494;13181
1496;13184
1496;13187
1495;13189
1495;13192
1495;13194
1495;13197
1495;13199
1495;13201
1495;13204
1495;13206
1496;13209
1497;13211
1497;13214
1498;13216
1501;13219
1501;13221
1501;13224
1500;13227
1498;13230
1497;13232
1496;13234
1495;13237
1495;13239
1496;13242
1497;13244
1497;13247
1496;13249
1495;13252
1494;13254
1493;13257
1493;13259
1494;13261
1495;13264
1495;13266
1495;13270
1495;13272
1496;13275
1496;13277
1496;13280
1497;13282
1497;13285
1497;13287
1497;13289
1497;13292
1497;13294
1497;13297
1497;13299
1497;13302
1498;13304
1500;13307
1500;13309
1498;13313
1497;13315
1497;13317
1497;13320
1497;13322
1497;13325
1497;13327
1497;13330
1498;13332
1502;13335
1506;13337
1510;13340
1511;13342
1510;13345
1504;13347
1500;13349
1497;13352
1496;13355
1495;13358
1493;13360
1492;13363
1492;13365
1491;13368
1492;13370
1493;13373
1493;13375
1493;13377
1494;13380
1494;13382
1494;13385
1494;13387
1495;13390
1495;13392
1495;13395
1495;13398
1495;13401
1496;13403
1496;13405
1496;13408
1495;13410
1496;13413
1497;13415
1499;13418
1503;13420
1503;13423
1501;13425
1498;13428
1494;13430
1493;13433
1493;13435
1493;13437
1494;13441
1494;13443
1495;13446
1496;13448
1496;13451
1497;13453
1497;13456
1498;13458
1497;13461
1496;13463
1497;13465
1497;13468
1497;13470
1498;13473
1497;13475
1497;13478
1496;13480
1496;13484
1496;13486
1497;13489
1497;13491
1497;13493
1497;13496
1497;13498
1498;13501
1499;13503
1500;13506
1499;13508
1498;13511
1497;13513
1497;13516
1497;13518
1498;13520
1498;13523
1498;13526
1500;13529
1506;13531
1511;13534
1511;13536
1509;13539
1506;13541
1503;13544
1500;13546
1498;13549
1497;13551
1496;13553
1496;13556
1497;13558
1500;13561
1500;13563
1499;13566
1497;13569
1495;13572
1494;13574
1494;13577
1493;13579
1494;13581
1497;13584
1508;13586
1514;13589
1517;13591
1517;13594
1513;13596
1507;13599
1512;13601
1513;13604
1518;13606
1521;13608
1521;13612
1515;13614
1509;13617
1503;13619
1498;13622
1503;13624
1505;13627
1506;13629
1528;13632
1547;13634
1550;13637
1545;13639
1533;13641
1521;13644
1509;13646
1494;13649
1481;13651
1467;13655
1455;13657
1460;13660
1466;13662
1469;13665
1473;13667
1479;13669
1483;13672
1478;13674
1472;13677
1465;13679
1459;13682
1459;13684
1468;13687
1475;13689
1474;13692
1468;13694
1465;13697
1463;13700
1462;13702
1464;13705
1461;13707
1458;13710
1459;13712
1457;13715
1457;13717
1453;13720
1461;13722
1470;13724
1465;13727
1453;13729
1447;13732
1447;13734
1446;13737
1437;13740
1428;13743
1422;13745
1416;13748
1414;13750
1420;13753
1431;13755
1420;13757
1409;13760
1402;13762
1400;13765
1400;13767
1408;13770
1407;13772
1409;13775
1409;13777
1400;13780
1393;13783
1391;13785
1407;13788
1425;13790
1422;13793
1410;13795
1394;13798
1386;13800
1383;13803
1381;13805
1381;13808
1393;13810
1400;13812
1389;13815
1378;13817
1376;13820
1374;13822
1371;13826
1373;13828
1383;13831
1400;13833
1391;13836
1375;13838
1365;13841
1361;13843
1361;13845
1363;13848
1367;13850
1377;13853
1387;13855
1385;13858
1377;13860
1374;13863
1373;13865
1374;13869
1369;13871
1363;13873
1361;13876
1362;13878
1366;13881
1371;13883
1378;13886
1383;13888
1392;13891
1390;13893
1389;13896
1389;13898
1388;13900
1388;13903
1390;13905
1409;13908
1418;13911
1412;13914
1408;13916
1407;13919
1407;13921
1406;13924
1405;13926
1411;13928
1414;13931
1405;13933
1395;13936
1392;13938
1393;13941
1405;13943
1409;13946
1415;13948
1427;13952
1431;13954
1434;13957
1442;13959
1436;13961
1431;13964
1429;13966
1429;13969
1428;13971
1429;13974
1456;13976
1480;13979
1475;13981
1465;13984
1445;13986
1431;13988
1422;13991
1423;13993
1425;13997
1429;13999
1432;14002
1433;14004
1436;14007
1439;14009
1437;14012
1435;14014
1436;14016
1436;14019
1439;14021
1443;14024
1470;14026
1523;14029
1535;14031
1530;14034
1509;14036
1487;14040
1474;14042
1464;14045
1459;14047
1452;14049
1449;14052
1448;14054
1451;14057
1457;14059
1457;14062
1456;14064
1452;14067
1450;14069
1449;14072
1452;14074
1454;14076
1456;14080
1471;14082
1528;14085
1531;14087
1507;14090
1487;14092
1475;14095
1468;14097
1465;14100
1463;14102
1462;14104
1468;14107
1467;14109
1461;14112
1455;14114
1454;14117
1457;14119
1461;14123
1463;14125
1465;14128
1467;14130
1470;14133
1477;14135
1493;14137
1495;14140
1487;14142
1481;14145
1478;14147
1475;14150
1472;14152
1471;14155
1474;14157
1490;14160
1497;14162
1511;14164
1509;14168
1500;14170
1489;14173
1484;14175
1480;14178
1478;14180
1478;14183
1474;14185
1473;14188
1482;14190
1498;14192
1502;14195
1499;14197
1497;14200
1499;14202
1504;14205
1503;14208
1500;14211
1520;14213
1568;14216
1582;14218
1558;14221
1535;14223
1524;14225
1519;14228
1508;14230
1501;14233
1496;14235
1493;14238
1503;14240
1499;14243
1488;14245
1482;14248
1480;14251
1487;14253
1496;14256
1501;14258
1501;14261
1501;14263
1507;14266
1518;14268
1534;14271
1532;14273
1517;14276
1504;14278
1498;14280
1497;14283
1496;14285
1494;14288
1496;14290
1494;14294
1488;14296
1490;14299
1494;14301
1496;14304
1498;14306
1499;14309
1498;14311
1504;14313
1538;14316
1574;14318
1559;14321
1539;14323
1531;14326
1523;14328
1518;14331
1517;14333
1529;14337
1538;14339
1531;14341
1524;14344
1521;14346
1514;14349
1509;14351
1505;14354
1502;14356
1499;14359
1499;14361
1501;14364
1506;14366
1506;14368
1509;14371
1513;14373
1513;14376
1510;14379
1508;14382
1515;14384
1534;14387
1532;14389
1523;14392
1512;14394
1503;14397
1493;14399
1485;14401
1484;14404
1487;14406
1502;14409
1520;14411
1518;14414
1510;14416
1504;14419
1501;14422
1498;14425
1495;14427
1499;14429
1507;14432
1508;14434
1509;14437
1504;14439
1497;14442
1492;14444
1495;14447
1493;14449
1491;14452
1489;14454
1496;14456
1509;14459
1517;14461
1575;14465
1591;14467
1555;14470
1531;14472
1522;14475
1516;14477
1506;14480
1503;14482
1501;14484
1500;14487
1503;14489
1510;14492
1506;14494
1497;14497
1492;14499
1488;14502
1487;14504
1491;14508
1519;14510
1530;14513
1537;14515
1533;14517
1522;14520
1517;14522
1511;14525
1505;14527
1503;14530
1504;14532
1518;14535
1544;14537
1550;14540
1546;14542
1543;14544
1528;14547
1520;14550
1515;14553
1512;14555
1510;14558
1509;14560
1511;14563
1532;14565
1561;14568
1556;14570
1535;14572
1517;14575
1514;14577
1512;14580
1511;14582
1512;14585
1515;14587
1521;14590
1522;14593
1529;14596
1522;14598
1511;14601
1514;14603
1528;14605
1536;14608
1525;14610
1523;14613
1516;14615
1512;14618
1522;14620
1540;14623
1553;14625
1548;14628
1534;14630
1524;14632
1513;14636
1505;14638
1499;14641
1505;14643
1499;14646
1491;14648
1482;14651
1476;14653
1476;14656
1477;14658
1480;14660
1501;14663
1525;14665
1516;14668
1506;14670
1495;14673
1489;14675
1484;14679
1481;14681
1490;14684
1493;14686
1483;14689
1473;14691
1466;14693
1464;14696
1463;14698
1463;14701
1463;14703
1465;14706
1471;14708
1470;14711
1487;14713
1508;14716
1506;14718
1513;14721
1509;14724
1498;14726
1478;14729
1472;14731
1467;14734
1467;14736
1470;14739
1464;14741
1473;14744
1474;14746
1457;14748
1447;14751
1445;14753
1446;14756
1446;14758
1449;14761
1453;14764
1472;14767
1477;14769
1477;14772
1471;14774
1458;14777
1451;14779
1449;14781
1452;14784
1455;14786
1471;14789
1493;14791
1508;14794
1502;14796
1496;14799
1494;14801
1485;14804
1482;14807
1501;14809
1538;14812
1554;14814
1559;14817
1551;14819
1530;14822
1506;14824
1485;14827
1468;14829
1458;14832
1456;14834
1475;14836
1503;14839
1533;14841
1546;14844
1534;14846
1502;14850
1483;14852
1474;14855
1464;14857
1458;14860
1458;14862
1459;14864
1461;14867
1464;14869
1466;14872
1465;14874
1468;14877
1460;14879
1461;14882
1468;14884
1519;14887
1546;14889
1524;14893
1499;14895
1488;14897
1488;14900
1487;14902
1482;14905
1499;14907
1520;14910
1515;14912
1506;14915
1492;14917
1481;14920
1472;14922
1477;14924
1482;14927
1485;14929
1482;14932
1479;14935
1480;14938
1479;14940
1480;14943
1485;14945
1492;14948
1502;14950
1501;14952
1494;14955
1493;14957
1495;14960
1505;14962
1510;14965
1510;14967
1506;14970
1503;14972
1511;14976
1544;14978
1581;14981
1557;14983
1533;14985
1524;14988
1525;14990
1538;14993
1535;14995
1528;14998
1525;15000
1525;15003
1536;15005
1537;15008
1535;15010
1540;15012
1552;15015
1543;15017
1529;15021
1515;15023
1510;15026
1509;15028
1509;15031
1510;15033
1509;15036
1517;15038
1521;15040
1517;15043
1518;15045
1516;15048
1535;15050
1565;15053
1550;15055
1530;15058
1517;15060
1507;15064
1502;15066
1502;15069
1500;15071
1499;15073
1503;15076
1522;15078
1546;15081
1547;15083
1535;15086
1524;15088
1512;15091
1502;15093
1497;15096
1497;15098
1504;15100
1508;15104
1522;15106
1536;15109
1523;15111
1507;15114
1502;15116
1497;15119
1493;15121
1493;15124
1502;15126
1539;15128
1542;15131
1528;15133
1517;15136
1511;15138
1515;15141
1521;15143
1514;15147
1508;15149
1499;15152
1493;15154
1488;15157
1492;15159
1513;15161
1535;15164
1525;15166
1513;15169
1495;15171
1485;15174
1482;15176
1488;15179
1503;15181
1508;15184
1503;15186
1507;15188
1510;15192
1503;15194
1497;15197
1503;15199
1553;15202
1549;15204
1532;15207
1514;15209
1510;15212
1511;15214
1503;15216
1487;15219
1480;15221
1478;15224
1481;15226
1498;15229
1519;15232
1514;15235
1505;15237
1494;15240
1483;15242
1481;15244
1483;15247
1489;15249
1511;15252
1516;15254
1513;15257
1513;15259
1506;15262
1499;15264
1497;15267
1500;15269
1518;15272
1533;15275
1535;15277
1530;15280
1516;15282
1505;15285
1501;15287
1547;15290
1573;15292
1550;15295
1521;15297
1506;15300
1498;15302
1492;15304
1497;15307
1506;15309
1525;15312
1534;15314
1523;15318
1506;15320
1496;15323
1491;15325
1489;15328
1493;15330
1505;15332
1503;15335
1499;15337
1492;15340
1488;15342
1487;15345
1490;15347
1489;15350
1501;15352
1504;15355
1500;15357
1497;15361
1509;15363
1542;15365
1539;15368
1525;15370
1512;15373
1496;15375
1487;15378
1486;15380
1484;15383
1493;15385
1527;15388
1522;15390
1503;15392
1491;15395
1484;15397
1484;15400
1484;15403
1503;15406
1518;15408
1518;15411
1515;15413
1502;15416
1491;15418
1488;15420
1485;15423
1485;15425
1481;15428
1479;15430
1498;15433
1503;15435
1509;15438
1506;15440
1494;15443
1485;15446
1481;15449
1483;15451
1486;15453
1496;15456
1502;15458
1512;15461
1551;15463
1555;15466
1536;15468
1516;15471
1490;15473
1476;15476
1479;15478
1479;15480
1497;15483
1553;15485
1558;15489
1527;15491
1506;15494
1494;15496
1480;15499
1475;15501
1474;15504
1491;15506
1506;15508
1501;15511
1490;15513
1486;15516
1481;15518
1477;15521
1478;15523
1481;15526
1478;15528
1472;15532
1467;15534
1463;15537
1467;15539
1477;15541
1485;15544
1492;15546
1505;15549
1518;15551
1515;15554
1516;15556
1504;15559
1491;15561
1484;15564
1485;15566
1516;15568
1533;15571
1525;15574
1504;15577
1491;15579
1482;15582
1476;15584
1480;15587
1482;15589
1473;15592
1468;15594
1470;15596
1476;15599
1488;15601
1497;15604
1506;15606
1508;15609
1509;15611
1494;15614
1482;15617
1475;15620
1472;15622
1472;15624
1475;15627
1486;15629
1521;15632
1562;15634
1568;15637
1550;15639
1522;15642
1496;15644
1484;15647
1488;15649
1482;15652
1481;15654
1471;15656
1462;15660
1458;15662
1460;15665
1460;15667
1462;15670
1463;15672
1467;15675
1473;15677
1486;15680
1507;15682
1504;15684
1495;15687
1485;15689
1473;15692
1468;15694
1467;15697
1471;15699
1478;15703
1506;15705
1548;15708
1530;15710
1528;15712
1523;15715
1514;15717
1497;15720
1486;15722
1479;15725
1481;15727
1498;15730
1499;15732
1510;15735
1514;15737
1496;15740
1485;15742
1479;15745
1471;15748
1471;15750
1474;15753
1490;15755
1492;15758
1487;15760
1501;15763
1497;15765
1492;15768
1490;15770
1483;15772
1477;15775
1476;15777
1476;15780
1495;15782
1517;15785
1519;15788
1531;15791
1522;15793
1501;15796
1490;15798
1486;15800
1490;15803
1489;15805
1494;15808
1516;15810
1520;15813
1501;15815
1486;15818
1479;15820
1473;15823
1468;15825
1468;15828
1477;15831
1484;15833
1482;15836
1477;15838
1474;15841
1470;15843
1467;15846
1467;15848
1468;15851
1476;15853
1479;15856
1483;15858
1481;15860
1487;15863
1515;15865
1521;15868
1507;15870
1492;15874
1477;15876
1471;15879
1469;15881
1470;15884
1474;15886
1486;15888
1522;15891
1526;15893
1506;15896
1501;15898
1491;15901
1477;15903
1471;15906
1485;15908
1500;15911
1502;15913
1492;15916
1482;15919
1471;15921
1468;15924
1463;15926
1467;15929
1472;15931
1482;15934
1477;15936
1473;15939
1466;15941
1464;15944
1466;15946
1469;15948
1482;15951
1514;15953
1533;15956
1530;15959
1516;15962
1497;15964
1480;15967
1471;15969
1471;15972
1480;15974
1476;15976
1469;15979
1469;15981
1481;15984
1490;15986
1494;15989
1492;15991
1488;15994
1481;15996
1478;16000
1483;16002
1493;16004
1519;16007
1559;16009
1561;16012
1541;16014
1520;16017
1505;16019
1487;16022
1480;16024
1474;16027
1470;16029
1470;16032
1469;16034
1475;16036
1478;16039
1481;16041
1518;16045
1537;16047
1524;16050
1504;16052
1487;16055
1476;16057
1484;16060
1489;16062
1501;16064
1522;16067
1528;16069
1524;16072
1506;16074
1493;16077
1490;16079
1499;16082
1508;16084
1515;16088
1507;16090
1491;16092
1484;16095
1479;16097
1477;16100
1476;16102
1488;16105
1505;16107
1525;16110
1513;16112
1501;16115
1493;16117
1485;16119
1480;16122
1495;16124
1522;16128
1536;16130
1539;16133
1533;16135
1520;16138
1503;16140
1496;16143
1508;16145
1500;16148
1489;16150
1479;16152
1470;16155
1470;16157
1473;16160
1476;16162
1497;16165
1534;16167
1532;16171
1520;16173
1501;16176
1484;16178
1478;16180
1477;16183
1478;16185
1484;16188
1492;16190
1509;16193
1511;16195
1506;16198
1494;16200
1484;16203
1480;16205
1479;16207
1477;16210
1480;16212
1487;16216
1492;16218
1499;16221
1522;16223
1524;16226
1532;16228
1529;16231
1516;16233
1502;16236
1496;16238
1486;16240
1493;16243
1492;16245
1498;16248
1506;16250
1484;16253
1486;16256
1488;16259
1486;16261
1484;16264
1491;16266
1509;16268
1525;16271
1512;16273
1489;16276
1479;16278
1478;16281
1483;16283
1487;16286
1511;16288
1544;16291
1544;16293
1531;16295
1511;16299
1502;16301
1504;16304
1497;16306
1502;16309
1491;16311
1479;16314
1475;16316
1477;16319
1491;16321
1491;16324
1505;16326
1502;16328
1493;16331
1491;16333
1486;16336
1485;16338
1486;16342
1499;16344
1534;16347
1540;16349
1532;16352
1516;16354
1500;16356
1493;16359
1490;16361
1505;16364
1505;16366
1494;16369
1489;16371
1484;16374
1485;16376
1498;16379
1519;16381
1539;16384
1543;16387
1525;16389
1509;16392
1493;16394
1485;16397
1482;16399
1484;16402
1492;16404
1499;16407
1502;16409
1506;16411
1501;16414
1490;16416
1484;16419
1480;16421
1482;16424
1491;16427
1497;16430
1524;16432
1524;16435
1516;16437
1509;16440
1501;16442
1496;16444
1497;16447
1501;16449
1512;16452
1527;16454
1535;16457
1531;16459
1523;16462
1515;16464
1508;16467
1501;16470
1500;16472
1508;16475
1523;16477
1540;16480
1536;16482
1527;16485
1521;16487
1511;16490
1502;16492
1496;16495
1493;16497
1495;16499
1496;16502
1495;16504
1498;16507
1501;16509
1515;16513
1523;16515
1518;16518
1507;16520
1504;16523
1503;16525
1508;16528
1513;16530
1511;16532
1517;16535
1532;16537
1523;16540
1513;16542
1509;16545
1510;16547
1515;16550
1537;16552
1565;16556
1583;16558
1563;16560
1537;16563
1519;16565
1501;16568
1494;16570
1492;16573
1492;16575
1491;16578
1491;16580
1490;16583
1491;16585
1496;16587
1511;16590
1512;16592
1507;16595
1501;16598
1498;16601
1500;16603
1502;16606
1508;16608
1535;16611
1562;16613
1563;16615
1548;16618
1530;16620
1514;16623
1503;16625
1501;16628
1499;16630
1500;16633
1502;16635
1508;16638
1520;16641
1521;16644
1516;16646
1508;16648
1505;16651
1510;16653
1508;16656
1505;16658
1500;16661
1495;16663
1495;16666
1501;16668
1529;16671
1539;16673
1525;16675
1511;16678
1499;16680
1495;16684
1495;16686
1503;16689
1511;16691
1524;16694
1520;16696
1507;16699
1498;16701
1495;16703
1494;16706
1492;16708
1492;16711
1499;16713
1508;16716
1517;16718
1525;16721
1528;16723
1519;16727
1509;16729
1497;16732
1483;16734
1473;16736
1471;16739
1475;16741
1487;16744
1489;16746
1488;16749
1486;16751
1486;16754
1488;16756
1490;16759
1490;16761
1490;16763
1499;16766
1510;16769
1511;16772
1517;16774
1515;16777
1533;16779
1536;16782
1522;16784
1510;16787
1497;16789
1485;16791
1478;16794
1473;16796
1482;16799
1488;16801
1496;16804
1487;16806
1479;16809
1478;16812
1479;16815
1484;16817
1483;16820
1478;16822
1474;16824
1472;16827
1473;16829
1474;16832
1483;16834
1510;16837
1506;16839
1498;16842
1487;16844
1475;16847
1468;16849
1470;16851
1474;16855
1477;16857
1483;16860
1496;16862
1507;16865
1507;16867
1502;16870
1502;16872
1492;16875
1487;16877
1485;16879
1482;16882
1486;16884
1513;16887
1525;16889
1513;16892
1504;16894
1493;16898
1493;16900
1499;16903
1509;16905
1510;16907
1500;16910
1493;16912
1498;16915
1497;16917
1499;16920
1491;16922
1494;16925
1497;16927
1499;16930
1503;16932
1503;16935
1513;16937
1510;16940
1502;16943
1494;16945
1486;16948
1483;16950
1490;16953
1529;16955
1546;16958
1540;16960
1530;16963
1521;16965
1509;16967
1509;16970
1522;16972
1529;16975
1524;16977
1513;16980
1501;16983
1490;16986
1485;16988
1483;16991
1483;16993
1486;16995
1503;16998
1507;17000
1505;17003
1499;17005
1488;17008
1484;17010
1488;17013
1497;17015
1520;17018
1522;17020
1512;17024
1507;17026
1495;17028
1492;17031
1480;17033
1481;17036
1488;17038
1492;17041
1506;17043
1520;17046
1521;17048
1517;17051
1510;17053
1496;17055
1489;17058
1498;17060
1528;17063
1531;17065
1521;17069
1507;17071
1486;17074
1471;17076
1467;17079
1466;17081
1468;17083
1476;17086
1492;17088
1510;17091
1518;17093
1522;17096
1519;17098
1506;17101
1502;17103
1496;17106
1492;17108
1495;17112
1493;17114
1496;17116
1500;17119
1509;17121
1500;17124
1486;17126
1473;17129
1474;17131
1475;17134
1482;17136
1501;17139
1507;17141
1510;17143
1500;17146
1493;17148
1492;17152
1489;17154
1489;17157
1506;17159
1514;17162
1513;17164
1507;17167
1519;17169
1510;17171
1491;17174
1480;17176
1482;17179
1489;17181
1509;17184
1524;17186
1525;17189
1509;17191
1498;17195
1491;17197
1488;17199
1484;17202
1485;17204
1507;17207
1516;17209
1512;17212
1513;17214
1499;17217
1484;17219
1481;17222
1478;17224
1472;17227
1468;17229
1495;17231
1546;17234
1558;17236
1552;17240
1534;17242
1512;17245
1502;17247
1502;17250
1522;17252
1535;17255
1553;17257
1551;17259
1533;17262
1524;17264
1529;17267
1520;17269
1507;17272
1499;17274
1498;17277
1494;17280
1488;17283
1482;17285
1479;17287
1490;17290
1487;17292
1477;17295
1473;17297
1502;17300
1524;17302
1517;17305
1510;17307
1497;17310
1487;17312
1483;17315
1484;17317
1491;17319
1498;17323
1514;17325
1506;17328
1504;17330
1507;17333
1503;17335
1499;17338
1495;17340
1494;17343
1499;17345
1548;17347
1566;17350
1549;17352
1527;17355
1509;17357
1496;17360
1487;17362
1486;17366
1488;17368
1491;17371
1513;17373
1529;17375
1531;17378
1524;17380
1508;17383
1492;17385
1488;17388
1492;17390
1507;17393
1526;17395
1530;17398
1530;17400
1522;17403
1518;17405
1512;17408
1501;17411
1506;17413
1520;17416
1517;17418
1510;17421
1504;17423
1499;17426
1515;17428
1518;17431
1520;17433
1514;17435
1499;17438
1490;17440
1489;17443
1492;17445
1495;17448
1503;17451
1543;17454
1575;17456
1558;17459
1542;17461
1515;17463
1497;17466
1496;17468
1502;17471
1513;17473
1514;17476
1508;17478
1504;17481
1509;17483
1521;17486
1536;17488
1538;17491
1528;17494
1518;17496
1519;17499
1522;17501
1516;17504
1521;17506
1515;17509
1503;17511
1503;17514
1501;17516
1501;17519
1492;17521
1491;17523
1510;17526
1532;17528
1546;17531
1602;17533
1613;17537
1581;17539
1553;17542
1530;17544
1511;17547
1501;17549
1494;17551
1492;17554
1500;17556
1496;17559
1494;17561
1496;17564
1510;17566
1515;17569
1505;17571
1497;17574
1491;17576
1487;17579
1489;17582
1492;17584
1517;17587
1548;17589
1561;17592
1554;17594
1538;17597
1510;17599
1491;17602
1484;17604
1486;17607
1491;17609
1505;17611
1525;17614
1531;17616
1522;17619
1520;17622
1513;17625
1534;17627
1532;17630
1524;17632
1515;17635
1499;17637
1491;17639
1488;17642
1487;17644
1487;17647
1487;17649
1491;17652
1541;17654
1552;17657
1537;17659
1522;17662
1504;17665
1495;17667
1489;17670
1489;17672
1509;17675
1536;17677
1546;17680
1524;17682
1508;17685
1495;17687
1493;17690
1532;17692
1541;17695
1527;17697
1505;17699
1482;17702
1474;17704
1474;17708
1476;17710
1511;17713
1566;17715
1565;17718
1545;17720
1521;17723
1489;17725
1476;17727
1473;17730
1471;17732
1471;17735
1474;17737
1468;17740
1469;17742
1468;17745
1469;17747
1474;17751
1484;17753
1507;17755
1512;17758
1509;17760
1500;17763
1490;17765
1499;17768
1505;17770
1529;17773
1533;17775
1516;17778
1503;17780
1497;17782
1486;17785
1476;17787
1508;17790
1530;17793
1530;17796
1524;17798
1505;17801
1483;17803
1473;17806
1462;17808
1451;17811
1443;17813
1441;17815
1448;17818
1457;17820
1465;17823
1471;17825
1477;17828
1488;17830
1506;17833
1506;17836
1505;17839
1494;17841
1486;17843
1484;17846
1487;17848
1522;17851
1544;17853
1515;17856
1488;17858
1471;17861
1457;17863
1454;17866
1468;17868
1488;17870
1483;17873
1477;17875
1471;17879
1466;17881
1465;17884
1486;17886
1573;17889
1579;17891
1556;17894
1529;17896
1492;17899
1470;17901
1458;17903
1451;17906
1451;17908
1451;17911
1517;17913
1526;17916
1501;17918
1477;17922
1458;17924
1446;17927
1442;17929
1442;17931
1444;17934
1482;17936
1515;17939
1509;17941
1492;17944
1466;17946
1448;17949
1446;17951
1467;17954
1466;17956
1457;17958
1451;17961
1448;17964
1452;17967
1469;17969
1475;17972
1471;17974
1466;17977
1463;17979
1462;17982
1467;17984
1476;17986
1483;17989
1504;17991
1544;17994
1527;17996
1500;17999
1487;18001
1471;18004
1460;18007
1460;18010
1506;18012
1541;18015
1524;18017
1503;18019
1478;18022
1466;18024
1459;18027
1459;18029
1459;18032
1464;18034
1501;18037
1501;18039
1488;18042
1481;18044
1474;18046
1471;18050
1463;18052
1463;18055
1465;18057
1467;18060
1474;18062
1513;18065
1497;18067
1476;18070
1461;18072
1455;18074
1458;18077
1479;18079
1488;18082
1487;18084
1483;18087
1475;18089
1473;18093
1473;18095
1476;18098
1492;18100
1504;18103
1531;18105
1522;18107
1507;18110
1494;18112
1494;18115
1504;18117
1476;18120
1464;18122
1458;18125
1454;18127
1451;18130
1452;18132
1467;18135
1488;18138
1506;18140
1524;18143
1513;18145
1495;18148
1477;18150
1477;18153
1482;18155
1470;18158
1459;18160
1467;18162
1476;18165
1483;18167
1486;18170
1477;18172
1459;18176
1455;18178
1453;18181
1456;18183
1477;18186
1476;18188
1472;18190
1463;18193
1450;18195
1447;18198
1457;18200
1473;18203
1466;18205
1451;18208
1442;18210
1462;18213
1469;18215
1463;18219
1463;18221
1467;18223
1472;18226
1489;18228
1499;18231
1509;18233
1492;18236
1482;18238
1469;18241
1465;18243
1486;18246
1520;18248
1538;18250
1572;18253
1581;18255
1550;18258
1512;18260
1472;18264
1447;18266
1449;18269
1445;18271
1440;18274
1431;18276
1463;18278
1462;18281
1448;18283
1443;18286
1431;18288
1429;18291
1434;18293
1478;18296
1485;18298
1497;18301
1490;18304
1468;18307
1475;18309
1508;18311
1516;18314
1489;18316
1501;18319
1487;18321
1476;18324
1479;18326
1488;18329
1513;18331
1511;18334
1493;18336
1473;18338
1451;18341
1442;18343
1441;18347
1443;18349
1452;18352
1492;18354
1514;18357
1506;18359
1481;18362
1458;18364
1448;18366
1449;18369
1452;18371
1457;18374
1472;18376
1519;18379
1590;18381
1575;18384
1547;18386
1518;18390
1482;18392
1469;18394
1468;18397
1487;18399
1498;18402
1493;18404
1521;18407
1528;18409
1503;18412
1483;18414
1474;18417
1470;18419
1470;18422
1472;18424
1506;18426
1560;18429
1563;18432
1538;18435
1501;18437
1479;18440
1474;18442
1472;18445
1506;18447
1580;18450
1569;18452
1545;18454
1521;18457
1492;18459
1481;18462
1478;18464
1486;18467
1566;18469
1593;18472
1584;18475
1548;18478
1508;18480
1481;18482
1470;18485
1468;18487
1476;18490
1560;18492
1591;18495
1554;18497
1523;18500
1493;18502
1471;18505
1464;18507
1472;18510
1490;18512
1491;18514
1482;18518
1472;18520
1464;18523
1467;18525
1474;18528
1484;18530
1492;18533
1496;18535
1512;18538
1585;18540
1642;18542
1623;18545
1566;18547
1513;18550
1484;18552
1468;18555
1463;18557
1475;18561
1478;18563
1503;18566
1498;18568
1490;18570
1488;18573
1482;18575
1488;18578
1514;18580
1524;18583
1515;18585
1496;18588
1472;18590
1464;18593
1464;18595
1467;18598
1486;18600
1527;18603
1565;18606
1571;18608
1542;18611
1514;18613
1495;18616
1481;18618
1508;18621
1514;18623
1492;18626
1486;18628
1474;18630
1471;18633
1491;18635
1501;18638
1489;18640
1473;18643
1462;18646
1457;18649
1480;18651
1517;18654
1514;18656
1532;18658
1513;18661
1491;18663
1479;18666
1469;18668
1464;18671
1461;18673
1458;18676
1455;18678
1458;18681
1483;18683
1543;18686
1558;18689
1531;18691
1502;18694
1472;18696
1458;18699
1452;18701
1448;18704
1450;18706
1454;18709
1461;18711
1466;18714
1495;18716
1535;18718
1518;18721
1494;18723
1473;18726
1457;18728
1452;18732
1453;18734
1458;18737
1460;18739
1464;18742
1480;18744
1494;18746
1487;18749
1477;18751
1465;18754
1457;18756
1457;18759
1459;18761
1460;18764
1462;18766
1465;18769
1469;18771
1497;18775
1543;18777
1596;18779
1588;18782
1551;18784
1508;18787
1480;18789
1463;18792
1456;18794
1455;18797
1455;18799
1457;18802
1464;18804
1479;18806
1496;18809
1499;18811
1486;18814
1468;18817
1463;18820
1461;18822
1462;18825
1465;18827
1468;18830
1472;18832
1486;18834
1488;18837
1498;18839
1508;18842
1501;18844
1491;18847
1481;18849
1473;18852
1472;18854
1472;18857
1474;18860
1476;18862
1478;18865
1481;18867
1487;18870
1491;18872
1494;18875
1501;18877
1503;18880
1501;18882
1497;18885
1492;18887
1490;18890
1492;18892
1507;18894
1514;18897
1512;18899
1506;18903
1495;18905
1487;18908
1484;18910
1483;18913
1484;18915
1483;18918
1483;18920
1484;18922
1485;18925
1492;18927
1500;18930
1503;18932
1503;18935
1498;18937
1493;18940
1489;18942
1487;18946
1486;18948
1486;18950
1487;18953
1497;18955
1500;18958
1497;18960
1506;18963
1508;18965
1501;18968
1498;18970
1491;18973
1486;18975
1483;18977
1481;18980
1479;18982
1477;18985
1477;18988
1478;18991
1480;18993
1484;18996
1489;18998
1492;19001
1494;19003
1493;19006
1491;19008
1488;19010
1486;19013
1521;19015
1539;19018
1527;19020
1514;19023
1497;19025
1486;19028
1480;19031
1477;19034
1475;19036
1474;19038
1476;19041
1478;19043
1477;19046
1477;19048
1477;19051
1476;19053
1477;19056
1477;19058
1477;19061
1477;19063
1477;19065
1478;19068
1479;19070
1483;19074
1489;19076
1497;19079
1498;19081
1495;19084
1491;19086
1486;19089
1483;19091
1489;19094
1498;19096
1501;19098
1500;19101
1495;19103
1488;19106
1486;19108
1503;19111
1510;19113
1502;19117
1495;19119
1491;19122
1489;19124
1492;19126
1501;19129
1500;19131
1497;19134
1495;19136
1493;19139
1492;19141
1492;19144
1492;19146
1493;19149
1493;19151
1494;19153
1499;19156
1506;19159
1507;19162
1506;19164
1505;19167
1501;19169
1500;19172
1499;19174
1499;19177
1500;19179
1503;19182
1507;19184
1509;19186
1512;19189
1511;19191
1508;19194
1510;19196
1505;19200
1503;19202
1508;19205
1509;19207
1507;19210
1504;19212
1501;19214
1500;19217
1501;19219
1503;19222
1521;19224
1534;19227
1532;19229
1528;19232
1522;19234
1519;19237
1525;19239
1525;19241
1529;19245
1537;19247
1532;19250
1524;19252
1517;19255
1512;19257
1509;19260
1508;19262
1509;19265
1510;19267
1511;19270
1511;19272
1511;19274
1511;19277
1511;19279
1512;19282
1519;19284
1522;19288
1523;19290
1522;19293
1519;19295
1518;19298
1518;19300
1518;19302
1517;19305
1517;19307
1524;19310
1532;19312
