1507;2
1505;4
1501;7
1496;9
1495;11
1494;13
1493;16
1493;18
1493;20
1493;23
1493;25
1492;27
1493;30
1494;32
1494;34
1493;36
1494;39
1495;41
1496;44
1496;47
1496;49
1496;51
1495;54
1495;56
1495;58
1497;61
1498;63
1499;65
1500;67
1502;70
1501;72
1499;74
1497;77
1496;79
1496;81
1497;84
1498;87
1500;89
1502;91
1501;94
1500;96
1498;98
1497;101
1497;103
1498;105
1497;108
1496;110
1496;112
1494;115
1493;117
1493;120
1492;122
1492;124
1493;128
1496;130
1498;132
1497;135
1496;137
1495;139
1496;142
1497;144
1497;146
1498;149
1498;151
1497;153
1496;156
1496;158
1497;161
1499;163
1500;165
1499;168
1498;171
1498;173
1498;176
1498;178
1498;180
1499;183
1502;185
1505;187
1507;190
1508;192
1506;194
1503;197
1501;199
1498;202
1496;204
1495;206
1495;209
1495;211
1495;214
1494;217
1495;219
1496;221
1496;224
1497;226
1499;228
1500;231
1499;233
1498;236
1497;238
1497;240
1497;243
1496;245
1496;247
1497;250
1497;252
1497;254
1500;258
1503;260
1506;262
1506;265
1505;267
1503;269
1501;272
1499;274
1496;277
1494;279
1492;281
1492;284
1492;286
1492;288
1493;291
1493;293
1493;295
1493;299
1494;301
1494;303
1494;306
1494;308
1494;310
1495;313
1495;315
1495;318
1495;320
1496;322
1500;325
1502;327
1504;329
1505;332
1505;334
1506;336
1506;339
1504;342
1501;344
1500;347
1497;349
1496;352
1496;354
1495;356
1495;359
1495;361
1495;363
1495;366
1495;368
1495;370
1494;373
1493;375
1493;377
1494;380
1494;382
1495;385
1495;388
1495;390
1495;393
1496;395
1497;397
1501;400
1505;402
1506;404
1505;407
1504;409
1502;411
1501;414
1500;416
1499;418
1498;421
1497;423
1498;425
1500;429
1502;431
1502;434
1502;436
1501;438
1500;441
1498;443
1496;445
1495;448
1494;450
1494;452
1495;455
1495;457
1495;459
1495;462
1495;464
1497;467
1497;470
1497;472
1497;475
1498;477
1498;479
1498;482
1498;484
1499;486
1502;489
1504;491
1504;493
1503;496
1501;498
1500;500
1499;503
1498;505
1499;508
1499;510
1500;513
1500;516
1503;518
1506;520
1508;523
1508;525
1506;527
1505;530
1502;532
1501;534
1500;537
1500;539
1500;541
1500;544
1500;546
1500;549
1500;551
1499;553
1499;557
1500;559
1502;561
1504;564
1502;566
1500;568
1498;571
1497;573
1497;575
1496;578
1496;580
1496;583
1496;585
1496;587
1496;590
1496;592
1497;594
1497;598
1498;600
1498;602
1498;605
1498;607
1498;609
1497;612
1497;614
1497;616
1497;619
1497;621
1499;624
1505;626
1511;628
1511;631
1510;633
1508;635
1505;638
1500;641
1497;643
1495;646
1493;648
1492;650
1492;653
1492;655
1491;658
1491;660
1492;662
1494;665
1496;667
1497;669
1499;672
1499;674
1497;676
1495;679
1493;681
1492;684
1492;687
1491;689
1491;691
1491;694
1491;696
1491;699
1491;701
1493;703
1496;706
1500;708
1504;710
1505;713
1502;715
1499;717
1497;720
1495;722
1493;724
1492;728
1491;730
1491;733
1491;735
1491;737
1492;740
1493;742
1495;744
1495;747
1495;749
1495;751
1495;754
1494;756
1495;758
1495;761
1496;763
1496;765
1496;769
1495;771
1495;774
1494;776
1494;778
1494;781
1495;783
1495;785
1496;788
1499;790
1500;792
1499;795
1498;797
1497;799
1497;802
1498;804
1498;807
1498;809
1498;812
1498;815
1499;817
1498;819
1498;822
1498;824
1497;826
1498;829
1501;831
1502;833
1501;836
1500;838
1499;840
1498;843
1498;845
1498;848
1498;850
1498;852
1498;856
1496;858
1495;860
1494;863
1494;865
1494;867
1495;870
1494;872
1494;874
1495;877
1496;879
1497;881
1500;884
1503;886
1504;889
1502;891
1500;893
1498;897
1497;899
1496;901
1495;904
1496;906
1498;908
1502;911
1503;913
1505;915
1504;918
1501;920
1498;922
1496;925
1495;927
1494;930
1494;932
1494;934
1495;937
1495;940
1495;942
1495;945
1495;947
1494;949
1494;952
1494;954
1495;956
1495;959
1495;961
1495;964
1495;966
1496;968
1497;971
1501;973
1503;975
1503;978
1503;980
1502;983
1500;986
1497;988
1495;990
1494;993
1494;995
1494;997
1493;1000
1493;1002
1493;1005
1493;1007
1493;1009
1494;1012
1495;1014
1498;1017
1500;1019
1502;1021
1502;1025
1500;1027
1497;1030
1495;1032
1494;1035
1492;1037
1492;1039
1492;1042
1492;1044
1492;1047
1493;1049
1494;1051
1495;1054
1494;1056
1493;1059
1493;1061
1492;1063
1492;1067
1492;1069
1493;1072
1494;1074
1499;1076
1503;1079
1506;1081
1506;1084
1504;1086
1502;1088
1498;1091
1495;1093
1493;1096
1491;1098
1490;1100
1489;1103
1489;1105
1489;1108
1489;1111
1489;1113
1490;1116
1490;1118
1491;1121
1493;1123
1497;1126
1499;1128
1498;1130
1496;1133
1495;1135
1494;1138
1494;1140
1497;1142
1501;1145
1501;1147
1501;1150
1499;1153
1497;1155
1494;1158
1493;1160
1492;1163
1491;1165
1491;1167
1491;1170
1493;1172
1495;1175
1495;1177
1498;1179
1502;1182
1502;1184
1499;1187
1496;1189
1494;1191
1493;1195
1492;1197
1492;1200
1491;1202
1491;1204
1491;1207
1491;1209
1491;1212
1491;1214
1492;1217
1499;1219
1506;1221
1507;1224
1504;1226
1501;1229
1497;1231
1494;1233
1493;1236
1492;1239
1492;1242
1492;1244
1492;1246
1492;1249
1495;1251
1497;1254
1497;1256
1497;1258
1496;1261
1494;1263
1494;1266
1495;1268
1495;1270
1495;1273
1495;1275
1496;1278
1495;1281
1495;1283
1494;1286
1495;1288
1496;1291
1502;1293
1506;1295
1505;1298
1503;1300
1503;1303
1502;1305
1499;1308
1497;1310
1496;1312
1494;1315
1493;1317
1494;1320
1496;1323
1496;1325
1496;1328
1496;1330
1495;1333
1494;1335
1494;1337
1495;1340
1495;1342
1495;1345
1494;1347
1493;1349
1494;1352
1494;1354
1494;1357
1494;1359
1495;1361
1495;1364
1497;1367
1497;1370
1496;1372
1495;1374
1494;1377
1493;1379
1493;1382
1493;1384
1494;1386
1497;1389
1499;1391
1501;1394
1504;1396
1502;1398
1499;1401
1498;1403
1497;1406
1497;1409
1497;1412
1497;1414
1496;1416
1495;1419
1494;1421
1492;1424
1491;1426
1492;1428
1491;1431
1492;1433
1491;1436
1491;1438
1492;1440
1492;1443
1493;1445
1495;1448
1499;1451
1501;1453
1500;1456
1498;1458
1496;1461
1493;1463
1492;1465
1492;1468
1492;1470
1492;1473
1492;1475
1494;1477
1495;1480
1496;1482
1496;1485
1495;1487
1496;1489
1498;1492
1499;1495
1499;1498
1497;1500
1496;1502
1495;1505
1495;1507
1496;1510
1496;1512
1496;1515
1495;1517
1495;1519
1497;1522
1499;1524
1499;1527
1500;1529
1501;1531
1500;1534
1498;1537
1496;1540
1495;1542
1493;1544
1492;1547
1492;1549
1492;1552
1493;1554
1496;1556
1501;1559
1502;1561
1499;1564
1495;1566
1492;1568
1492;1571
1491;1573
1490;1576
1490;1579
1490;1581
1491;1584
1494;1586
1500;1589
1507;1591
1506;1593
1503;1596
1499;1598
1495;1601
1493;1603
1492;1606
1491;1608
1492;1610
1495;1613
1496;1615
1496;1618
1494;1620
1492;1623
1490;1626
1490;1628
1490;1631
1490;1633
1490;1635
1491;1638
1491;1640
1492;1643
1496;1645
1506;1647
1510;1650
1509;1652
1505;1655
1501;1657
1496;1659
1494;1662
1492;1665
1491;1668
1490;1670
1490;1672
1490;1675
1490;1677
1490;1680
1490;1682
1491;1684
1491;1687
1491;1689
1491;1692
1491;1694
1492;1696
1492;1699
1496;1701
1500;1704
1503;1707
1504;1710
1503;1712
1499;1714
1497;1717
1495;1719
1494;1722
1493;1724
1495;1726
1502;1729
1506;1731
1505;1734
1502;1736
1498;1738
1495;1741
1494;1743
1495;1746
1495;1748
1496;1751
1496;1754
1498;1756
1498;1759
1497;1761
1496;1763
1494;1766
1494;1768
1498;1771
1505;1773
1508;1775
1508;1778
1504;1780
1497;1783
1494;1785
1491;1787
1490;1790
1490;1793
1490;1796
1489;1798
1489;1800
1491;1803
1493;1805
1496;1808
1498;1810
1499;1813
1499;1815
1495;1817
1490;1820
1488;1822
1490;1825
1493;1827
1494;1829
1495;1832
1493;1835
1491;1838
1489;1840
1491;1842
1496;1845
1499;1847
1501;1850
1503;1852
1502;1854
1499;1857
1499;1859
1499;1862
1499;1864
1506;1866
1508;1869
1506;1871
1502;1874
1497;1876
1493;1879
1490;1882
1489;1884
1488;1887
1487;1889
1487;1891
1488;1894
1489;1896
1490;1899
1492;1901
1496;1904
1498;1906
1496;1908
1495;1911
1494;1913
1493;1916
1493;1918
1497;1921
1499;1924
1503;1926
1505;1929
1504;1931
1501;1933
1496;1936
1494;1938
1491;1941
1489;1943
1489;1945
1491;1948
1497;1950
1499;1953
1497;1955
1494;1957
1496;1960
1499;1963
1501;1966
1499;1968
1496;1970
1493;1973
1490;1975
1491;1978
1494;1980
1500;1982
1505;1985
1508;1987
1505;1990
1502;1992
1498;1995
1494;1997
1491;1999
1489;2002
1491;2004
1496;2008
1499;2010
1497;2012
1494;2015
1490;2017
1487;2020
1485;2022
1485;2024
1486;2027
1490;2029
1498;2032
1504;2034
1505;2036
1509;2039
1507;2041
1502;2044
1495;2046
1495;2049
1496;2052
1494;2054
1493;2057
1492;2059
1490;2061
1492;2064
1494;2066
1495;2069
1492;2071
1489;2073
1487;2076
1489;2078
1491;2081
1495;2083
1497;2086
1497;2088
1495;2091
1501;2094
1521;2096
1529;2099
1526;2101
1516;2103
1503;2106
1494;2108
1487;2111
1483;2113
1481;2115
1479;2118
1478;2120
1479;2123
1481;2125
1488;2127
1493;2130
1493;2132
1490;2136
1488;2138
1486;2140
1484;2143
1489;2145
1500;2148
1506;2150
1502;2152
1496;2155
1493;2157
1499;2160
1494;2162
1484;2164
1478;2167
1475;2169
1478;2172
1482;2174
1489;2178
1498;2180
1500;2182
1495;2185
1487;2187
1480;2190
1477;2192
1481;2194
1487;2197
1494;2199
1498;2202
1494;2204
1490;2206
1489;2209
1490;2211
1494;2214
1492;2216
1482;2219
1476;2222
1472;2224
1470;2227
1475;2229
1491;2231
1503;2234
1505;2236
1502;2239
1493;2241
1485;2244
1485;2246
1493;2248
1508;2251
1505;2253
1494;2256
1483;2258
1468;2260
1461;2264
1461;2266
1463;2269
1472;2271
1487;2273
1488;2276
1486;2278
1483;2281
1480;2283
1475;2285
1469;2288
1470;2290
1471;2293
1479;2295
1484;2297
1490;2300
1502;2302
1502;2306
1495;2308
1492;2310
1483;2313
1476;2315
1475;2318
1480;2320
1483;2322
1486;2325
1495;2327
1502;2330
1496;2332
1484;2335
1476;2337
1471;2339
1470;2342
1470;2344
1478;2348
1488;2350
1497;2352
1501;2355
1498;2357
1489;2360
1476;2362
1472;2364
1469;2367
1476;2369
1490;2372
1516;2374
1521;2376
1520;2379
1512;2381
1509;2384
1511;2386
1503;2388
1495;2392
1485;2394
1477;2397
1471;2399
1467;2401
1466;2404
1466;2406
1468;2409
1475;2411
1492;2414
1504;2416
1500;2418
1497;2421
1489;2423
1480;2426
1483;2428
1486;2430
1485;2434
1490;2436
1488;2439
1481;2441
1473;2443
1467;2446
1464;2448
1463;2451
1465;2453
1465;2455
1465;2458
1466;2460
1473;2463
1483;2465
1503;2467
1536;2470
1535;2472
1525;2476
1516;2478
1506;2480
1493;2483
1488;2485
1480;2488
1473;2490
1471;2492
1473;2495
1482;2497
1505;2500
1516;2502
1541;2504
1533;2507
1510;2509
1496;2512
1481;2514
1470;2518
1464;2520
1463;2522
1464;2525
1467;2527
1467;2530
1463;2532
1460;2534
1463;2537
1466;2539
1470;2542
1472;2544
1480;2546
1486;2549
1493;2551
1496;2554
1494;2556
1499;2558
1506;2562
1508;2564
1526;2567
1524;2569
1513;2571
1504;2574
1490;2576
1479;2579
1473;2581
1470;2584
1469;2586
1472;2588
1476;2591
1482;2593
1482;2596
1480;2598
1479;2600
1491;2604
1505;2606
1517;2609
1507;2611
1495;2613
1484;2616
1477;2618
1476;2621
1475;2623
1477;2625
1477;2628
1475;2630
1477;2633
1481;2635
1484;2637
1490;2640
1493;2642
1497;2646
1498;2648
1496;2650
1495;2653
1501;2655
1506;2658
1514;2660
1513;2662
1503;2665
1490;2667
1486;2670
1486;2672
1484;2675
1483;2677
1481;2679
1480;2682
1481;2684
1486;2688
1493;2690
1492;2692
1489;2695
1489;2697
1488;2700
1487;2702
1487;2704
1485;2707
1484;2709
1486;2712
1491;2714
1502;2716
1506;2719
1509;2721
1511;2724
1503;2726
1494;2728
1489;2732
1485;2734
1482;2737
1479;2739
1480;2741
1483;2744
1485;2746
1493;2749
1495;2751
1500;2753
1501;2756
1496;2758
1494;2761
1498;2763
1500;2766
1497;2768
1501;2770
1500;2774
1499;2776
1498;2779
1493;2781
1491;2783
1494;2786
1495;2788
1492;2791
1490;2793
1487;2795
1485;2798
1486;2800
1483;2803
1487;2805
1501;2807
1509;2810
1508;2812
1503;2816
1495;2818
1489;2820
1488;2823
1490;2825
1498;2828
1500;2830
1498;2832
1498;2835
1499;2837
1498;2840
1501;2842
1506;2844
1508;2847
1504;2849
1502;2852
1502;2854
1498;2857
1497;2860
1502;2862
1499;2865
1494;2867
1491;2870
1489;2872
1492;2874
1495;2877
1495;2879
1494;2882
1492;2884
1491;2886
1489;2889
1489;2891
1489;2894
1490;2896
1498;2898
1504;2902
1519;2904
1518;2907
1508;2909
1497;2911
1491;2914
1491;2916
1496;2919
1500;2921
1506;2923
1513;2926
1511;2928
1505;2931
1496;2933
1488;2935
1485;2938
1486;2940
1489;2944
1495;2946
1499;2949
1502;2951
1500;2953
1495;2956
1491;2958
1490;2961
1488;2963
1489;2965
1491;2968
1496;2970
1500;2973
1506;2975
1506;2977
1501;2980
1494;2982
1489;2985
1490;2988
1492;2990
1499;2993
1500;2995
1502;2998
1505;3000
1514;3002
1511;3005
1508;3007
1501;3010
1489;3012
1488;3014
1494;3017
1494;3019
1494;3022
1499;3024
1503;3027
1506;3030
1505;3032
1498;3035
1491;3037
1487;3040
1484;3042
1481;3044
1483;3047
1491;3049
1502;3052
1504;3054
1500;3056
1498;3059
1493;3061
1490;3064
1489;3066
1489;3068
1498;3072
1507;3074
1517;3077
1511;3079
1501;3081
1490;3084
1485;3086
1483;3089
1482;3091
1481;3093
1480;3096
1482;3098
1485;3101
1502;3103
1527;3106
1523;3108
1510;3110
1499;3113
1489;3116
1484;3119
1484;3121
1487;3123
1495;3126
1500;3128
1500;3131
1498;3133
1494;3135
1487;3138
1482;3140
1480;3143
1480;3145
1480;3147
1482;3150
1483;3152
1487;3155
1494;3158
1493;3160
1490;3163
1489;3165
1487;3168
1492;3170
1500;3173
1500;3175
1500;3177
1509;3180
1502;3182
1496;3185
1491;3187
1488;3189
1491;3192
1497;3194
1508;3197
1504;3200
1495;3202
1487;3205
1486;3207
1489;3210
1505;3212
1510;3214
1510;3217
1505;3219
1493;3222
1487;3224
1483;3226
1480;3229
1479;3231
1481;3234
1491;3236
1499;3238
1506;3241
1506;3244
1502;3247
1495;3249
1490;3251
1486;3254
1483;3256
1481;3259
1480;3261
1481;3264
1490;3266
1511;3268
1508;3271
1501;3273
1496;3276
1489;3278
1484;3280
1481;3283
1480;3286
1479;3289
1483;3291
1490;3293
1492;3296
1493;3298
1488;3301
1486;3303
1486;3305
1494;3308
1497;3310
1504;3313
1514;3315
1506;3317
1497;3320
1492;3322
1488;3325
1488;3328
1489;3330
1488;3333
1488;3335
1489;3338
1489;3340
1496;3342
1500;3345
1496;3347
1492;3350
1484;3352
1483;3355
1484;3357
1488;3359
1492;3362
1490;3364
1493;3367
1497;3369
1500;3372
1496;3375
1496;3377
1496;3380
1502;3382
1515;3384
1514;3387
1511;3389
1499;3392
1490;3394
1489;3396
1487;3399
1484;3401
1485;3404
1489;3406
1492;3408
1490;3411
1487;3414
1488;3417
1492;3419
1496;3421
1499;3424
1499;3426
1496;3429
1496;3431
1500;3433
1502;3436
1499;3438
1501;3441
1505;3443
1516;3445
1512;3448
1502;3450
1497;3453
1489;3456
1485;3459
1481;3461
1478;3463
1478;3466
1480;3468
1482;3471
1486;3473
1498;3475
1501;3478
1499;3480
1497;3483
1492;3485
1492;3487
1502;3490
1520;3492
1516;3495
1506;3497
1500;3500
1498;3503
1504;3505
1507;3508
1502;3510
1498;3512
1495;3515
1492;3517
1491;3520
1490;3522
1489;3524
1488;3527
1491;3529
1508;3532
1520;3534
1514;3537
1505;3539
1496;3542
1494;3545
1496;3547
1493;3550
1496;3552
1506;3554
1508;3557
1502;3559
1496;3562
1497;3564
1497;3566
1500;3569
1499;3571
1495;3574
1491;3576
1489;3578
1489;3581
1490;3584
1491;3587
1492;3589
1497;3591
1496;3594
1492;3596
1491;3599
1491;3601
1497;3603
1505;3606
1500;3608
1496;3611
1501;3613
1516;3616
1520;3618
1513;3620
1504;3623
1497;3625
1493;3629
1497;3631
1513;3633
1513;3636
1512;3638
1505;3641
1499;3643
1494;3645
1494;3648
1495;3650
1504;3653
1514;3655
1530;3657
1532;3660
1524;3662
1510;3665
1499;3667
1491;3670
1488;3673
1485;3675
1484;3678
1485;3680
1489;3682
1496;3685
1500;3687
1502;3690
1503;3692
1498;3695
1496;3697
1496;3699
1491;3702
1495;3704
1507;3707
1510;3709
1510;3712
1510;3715
1500;3717
1497;3720
1498;3722
1497;3724
1493;3727
1491;3729
1494;3732
1491;3734
1487;3736
1486;3739
1484;3741
1484;3744
1485;3746
1492;3748
1511;3751
1522;3753
1515;3757
1504;3759
1494;3762
1489;3764
1488;3766
1488;3769
1487;3771
1489;3774
1494;3776
1499;3778
1499;3781
1498;3783
1497;3786
1497;3788
1504;3790
1515;3793
1514;3795
1505;3799
1495;3801
1487;3803
1484;3806
1486;3808
1486;3811
1491;3813
1502;3815
1504;3818
1502;3820
1501;3823
1497;3825
1493;3827
1487;3830
1484;3832
1489;3835
1496;3837
1499;3841
1502;3843
1502;3845
1498;3848
1494;3850
1492;3853
1490;3855
1496;3857
1507;3860
1504;3862
1496;3865
1492;3867
1490;3869
1496;3872
1508;3874
1515;3877
1510;3879
1503;3881
1497;3885
1493;3887
1490;3890
1489;3892
1492;3894
1502;3897
1510;3899
1509;3902
1509;3904
1503;3906
1494;3909
1488;3911
1485;3914
1485;3916
1486;3919
1486;3921
1487;3923
1486;3927
1491;3929
1496;3932
1497;3934
1503;3936
1500;3939
1497;3941
1497;3944
1497;3946
1495;3948
1493;3951
1495;3953
1496;3956
1516;3958
1521;3960
1516;3963
1510;3965
1501;3969
1494;3971
1490;3973
1490;3976
1497;3978
1493;3981
1489;3983
1490;3985
1490;3988
1490;3990
1492;3993
1492;3995
1494;3998
1509;4000
1521;4002
1513;4005
1503;4007
1497;4011
1494;4013
1494;4015
1503;4018
1505;4020
1501;4023
1497;4025
1495;4027
1498;4030
1502;4032
1499;4035
1496;4037
1493;4039
1490;4042
1487;4044
1488;4047
1489;4049
1495;4051
1500;4055
1505;4057
1510;4060
1522;4062
1519;4064
1508;4067
1495;4069
1487;4072
1485;4074
1485;4076
1489;4079
1493;4081
1490;4084
1487;4086
1485;4089
1487;4091
1491;4093
1491;4097
1491;4099
1490;4102
1491;4104
1493;4106
1497;4109
1509;4111
1523;4114
1521;4116
1512;4118
1506;4121
1495;4123
1492;4126
1494;4128
1494;4130
1494;4133
1497;4135
1505;4139
1502;4141
1495;4143
1491;4146
1491;4148
1490;4151
1489;4153
1493;4155
1494;4158
1492;4160
1489;4163
1487;4165
1489;4167
1492;4170
1499;4172
1504;4175
1497;4177
1490;4180
1484;4183
1483;4185
1486;4188
1488;4190
1495;4193
1510;4195
1510;4197
1505;4200
1500;4202
1496;4205
1502;4207
1505;4209
1503;4212
1501;4214
1503;4217
1511;4219
1506;4221
1500;4225
1493;4227
1493;4230
1495;4232
1495;4234
1493;4237
1493;4239
1501;4242
1506;4244
1498;4246
1498;4249
1499;4251
1492;4254
1488;4256
1487;4259
1489;4261
1490;4263
1493;4267
1503;4269
1506;4272
1504;4274
1503;4276
1501;4279
1501;4281
1505;4284
1507;4286
1507;4288
1503;4291
1498;4293
1497;4296
1502;4298
1506;4300
1501;4303
1496;4305
1493;4308
1493;4311
1504;4313
1504;4316
1500;4318
1499;4321
1501;4323
1504;4325
1506;4328
1506;4330
1508;4333
1510;4335
1503;4338
1496;4340
1501;4342
1506;4345
1505;4347
1502;4350
1497;4353
1497;4355
1493;4358
1493;4360
1494;4363
1493;4365
1492;4367
1492;4370
1499;4372
1505;4375
1509;4377
1509;4379
1503;4382
1497;4384
1494;4387
1490;4389
1488;4391
1497;4395
1502;4397
1503;4400
1504;4402
1509;4405
1511;4407
1507;4409
1504;4412
1501;4414
1500;4417
1502;4419
1503;4421
1506;4424
1508;4426
1507;4429
1502;4431
1496;4433
1491;4436
1487;4439
1487;4442
1486;4444
1487;4446
1488;4449
1488;4451
1490;4454
1491;4456
1492;4458
1496;4461
1495;4463
1495;4466
1499;4468
1503;4471
1515;4473
1523;4475
1528;4478
1529;4481
1526;4484
1519;4486
1510;4488
1505;4491
1507;4493
1508;4496
1501;4498
1495;4500
1488;4503
1487;4505
1486;4508
1486;4510
1486;4512
1487;4515
1493;4517
1495;4520
1494;4523
1493;4525
1495;4528
1498;4530
1504;4533
1515;4535
1514;4537
1509;4540
1503;4542
1496;4545
1493;4547
1491;4549
1494;4552
1495;4554
1501;4557
1504;4559
1500;4562
1497;4564
1496;4567
1496;4570
1499;4572
1500;4575
1503;4577
1508;4579
1510;4582
1509;4584
1504;4587
1498;4589
1495;4591
1496;4594
1498;4596
1501;4599
1504;4601
1503;4603
1502;4606
1497;4609
1494;4612
1492;4614
1494;4616
1495;4619
1492;4621
1493;4624
1495;4626
1498;4629
1499;4631
1502;4633
1510;4636
1508;4638
1505;4641
1506;4643
1507;4645
1502;4648
1495;4651
1490;4654
1489;4656
1487;4658
1485;4661
1482;4663
1483;4666
1484;4668
1485;4670
1492;4673
1498;4675
1495;4678
1495;4680
1498;4682
1500;4685
1498;4687
1495;4690
1489;4692
1485;4695
1485;4698
1487;4700
1490;4703
1494;4705
1502;4707
1513;4710
1525;4712
1534;4715
1525;4717
1513;4720
1505;4722
1499;4724
1494;4727
1489;4729
1486;4732
1489;4734
1500;4737
1514;4740
1509;4742
1496;4745
1486;4747
1479;4749
1480;4752
1481;4754
1482;4757
1483;4759
1492;4761
1504;4764
1505;4766
1504;4769
1499;4771
1492;4773
1486;4776
1484;4779
1484;4782
1484;4784
1485;4787
1490;4789
1490;4791
1491;4794
1490;4796
1496;4799
1504;4801
1508;4803
1508;4806
1509;4808
1509;4811
1506;4813
1501;4815
1491;4818
1485;4820
1485;4824
1492;4826
1490;4828
1487;4831
1485;4833
1491;4836
1498;4838
1499;4840
1496;4843
1491;4845
1486;4848
1483;4850
1483;4852
1483;4855
1483;4857
1485;4860
1496;4862
1499;4866
1494;4868
1491;4870
1488;4873
1488;4875
1494;4878
1500;4880
1505;4882
1500;4885
1492;4887
1490;4890
1491;4892
1498;4894
1505;4897
1510;4899
1508;4902
1507;4904
1505;4907
1498;4910
1491;4912
1485;4915
1482;4917
1482;4919
1483;4922
1490;4924
1506;4927
1505;4929
1496;4931
1492;4934
1488;4936
1486;4939
1488;4941
1495;4943
1496;4946
1493;4948
1492;4952
1489;4954
1496;4957
1497;4959
1495;4961
1495;4964
1495;4966
1493;4969
1493;4971
1493;4973
1492;4976
1491;4978
1488;4981
1495;4983
1502;4985
1507;4988
1505;4990
1500;4994
1498;4996
1504;4998
1502;5001
1496;5003
1496;5006
1495;5008
1501;5010
1506;5013
1504;5015
1499;5018
1494;5020
1493;5022
1493;5025
1492;5027
1494;5030
1491;5032
1487;5036
1486;5038
1486;5040
1485;5043
1490;5045
1498;5048
1497;5050
1492;5052
1487;5055
1486;5057
1485;5060
1487;5062
1489;5064
1490;5067
1492;5069
1502;5072
1502;5074
1496;5076
1493;5080
1489;5082
1490;5085
1497;5087
1499;5089
1502;5092
1502;5094
1506;5097
1503;5099
1497;5102
1497;5104
1488;5106
1482;5109
1480;5111
1478;5114
1479;5116
1481;5118
1484;5122
1488;5124
1495;5127
1497;5129
1492;5131
1488;5134
1491;5136
1497;5139
1497;5141
1493;5143
1488;5146
1486;5148
1486;5151
1488;5153
1496;5155
1500;5158
1503;5160
1513;5164
1522;5166
1519;5168
1513;5171
1508;5173
1494;5176
1485;5178
1482;5181
1482;5183
1488;5185
1486;5188
1483;5190
1488;5193
1492;5195
1497;5197
1500;5200
1498;5202
1499;5206
1501;5208
1499;5210
1498;5213
1500;5215
1518;5218
1518;5220
1507;5222
1498;5225
1494;5227
1494;5230
1502;5232
1499;5234
1495;5237
1493;5239
1488;5242
1485;5244
1483;5246
1483;5250
1485;5252
1497;5255
1507;5257
1512;5259
1509;5262
1502;5264
1494;5267
1491;5269
1489;5272
1496;5274
1495;5276
1497;5279
1496;5281
1502;5284
1501;5286
1492;5288
1486;5292
1483;5294
1482;5297
1486;5299
1491;5301
1501;5304
1509;5306
1508;5309
1504;5311
1497;5313
1492;5316
1491;5318
1491;5321
1495;5323
1500;5325
1495;5328
1493;5330
1489;5334
1486;5336
1486;5338
1487;5341
1493;5343
1495;5346
1494;5348
1502;5351
1503;5353
1495;5355
1496;5358
1494;5360
1490;5363
1491;5365
1490;5367
1487;5370
1487;5372
1497;5376
1499;5378
1497;5380
1496;5383
1496;5385
1494;5388
1492;5390
1487;5392
1478;5395
1477;5397
1480;5400
1484;5402
1485;5404
1485;5407
1485;5409
1491;5412
1496;5414
1496;5416
1491;5420
1486;5422
1483;5425
1491;5427
1496;5430
1500;5432
1518;5434
1531;5437
1537;5439
1534;5442
1515;5444
1501;5446
1494;5449
1491;5451
1501;5454
1500;5456
1498;5458
1493;5462
1489;5464
1487;5467
1484;5469
1482;5471
1482;5474
1482;5476
1483;5479
1485;5481
1490;5483
1497;5486
1501;5488
1501;5491
1499;5493
1500;5495
1496;5498
1490;5500
1487;5504
1488;5506
1492;5508
1496;5511
1503;5513
1501;5516
1498;5518
1495;5521
1491;5523
1493;5525
1492;5528
1494;5530
1496;5533
1495;5535
1495;5537
1504;5540
1518;5542
1513;5545
1505;5548
1500;5550
1499;5553
1502;5555
1499;5558
1492;5560
1488;5562
1484;5565
1482;5567
1483;5570
1484;5572
1484;5574
1484;5577
1489;5579
1493;5582
1496;5584
1495;5587
1495;5590
1493;5592
1490;5595
1488;5597
1490;5600
1492;5602
1498;5604
1506;5607
1506;5609
1501;5612
1502;5614
1508;5616
1509;5619
1500;5621
1492;5624
1493;5626
1490;5628
1486;5632
1485;5634
1493;5637
1505;5639
1506;5641
1503;5644
1497;5646
1494;5649
1490;5651
1486;5653
1484;5656
1485;5658
1499;5661
1519;5663
1516;5666
1505;5668
1496;5670
1494;5673
1493;5676
1490;5679
1488;5681
1491;5683
1496;5686
1497;5688
1494;5691
1490;5693
1487;5695
1489;5698
1490;5700
1487;5703
1487;5705
1488;5707
1487;5710
1486;5712
1485;5715
1486;5718
1487;5720
1494;5723
1512;5725
1518;5728
1511;5730
1507;5733
1503;5735
1500;5737
1497;5740
1491;5742
1485;5745
1482;5747
1482;5749
1484;5752
1488;5754
1495;5757
1511;5760
1512;5762
1508;5765
1503;5767
1498;5770
1494;5772
1496;5774
1501;5777
1505;5779
1501;5782
1499;5784
1498;5786
1496;5789
1494;5791
1492;5794
1490;5796
1487;5798
1485;5801
1482;5804
1480;5807
1480;5809
1482;5812
1484;5814
1492;5816
1503;5819
1505;5821
1502;5824
1496;5826
1496;5828
1498;5831
1497;5833
1498;5836
1499;5838
1498;5840
1501;5843
1497;5846
1493;5849
1491;5851
1490;5853
1490;5856
1492;5858
1490;5861
1489;5863
1489;5865
1486;5868
1485;5870
1490;5873
1489;5875
1486;5877
1485;5880
1487;5882
1499;5885
1512;5888
1504;5891
1498;5893
1496;5895
1496;5898
1499;5900
1510;5903
1506;5905
1498;5907
1492;5910
1487;5912
1485;5915
1486;5917
1491;5919
1494;5922
1496;5924
1496;5927
1493;5929
1491;5932
1492;5935
1491;5937
1490;5940
1489;5942
1489;5944
1497;5947
1498;5949
1501;5952
1504;5954
1503;5957
1496;5959
1495;5961
1501;5964
1496;5966
1492;5969
1494;5971
1495;5974
1499;5977
1502;5979
1508;5982
1510;5984
1501;5986
1496;5989
1493;5991
1491;5994
1495;5996
1509;5998
1506;6001
1506;6003
1513;6006
1508;6008
1496;6010
1487;6013
1484;6016
1488;6019
1489;6021
1487;6024
1490;6026
1493;6028
1501;6031
1505;6033
1501;6036
1495;6038
1491;6040
1488;6043
1488;6045
1492;6048
1503;6050
1509;6052
1513;6055
1514;6057
1504;6061
1493;6063
1490;6065
1488;6068
1485;6070
1483;6073
1489;6075
1496;6077
1496;6080
1500;6082
1506;6085
1502;6087
1493;6090
1487;6092
1486;6094
1485;6097
1484;6099
1484;6103
1490;6105
1495;6107
1493;6110
1494;6112
1496;6115
1495;6117
1498;6119
1505;6122
1509;6124
1509;6127
1500;6129
1495;6131
1491;6134
1489;6136
1489;6139
1492;6141
1495;6144
1495;6147
1494;6149
1494;6152
1496;6154
1497;6156
1498;6159
1493;6161
1489;6164
1488;6166
1488;6169
1495;6171
1495;6173
1491;6176
1491;6178
1492;6181
1491;6183
1492;6185
1494;6189
1511;6191
1511;6194
1505;6196
1503;6198
1498;6201
1492;6203
1488;6206
1489;6208
1503;6210
1506;6213
1504;6215
1502;6218
1496;6220
1488;6222
1485;6225
1485;6227
1488;6231
1495;6233
1499;6236
1502;6238
1505;6240
1501;6243
1491;6245
1483;6248
1482;6250
1482;6252
1482;6255
1483;6257
1486;6260
1487;6262
1490;6264
1498;6267
1500;6269
1496;6273
1494;6275
1490;6277
1498;6280
1530;6282
1527;6285
1510;6287
1498;6289
1489;6292
1486;6294
1483;6297
1483;6299
1483;6302
1486;6304
1487;6306
1489;6309
1486;6311
1484;6315
1482;6317
1482;6319
1481;6322
1484;6324
1485;6327
1491;6329
1496;6331
1506;6334
1511;6336
1514;6339
1515;6341
1507;6343
1493;6346
1486;6348
1484;6351
1485;6353
1485;6355
1490;6359
1494;6361
1500;6364
1504;6366
1500;6369
1493;6371
1492;6373
1497;6376
1508;6378
1515;6381
1509;6383
1500;6385
1494;6388
1490;6390
1494;6393
1509;6395
1510;6397
1506;6401
1510;6403
1518;6406
1517;6408
1505;6410
1493;6413
1488;6415
1486;6418
1489;6420
1503;6422
1504;6425
1500;6427
1494;6430
1488;6432
1482;6434
1478;6437
1478;6439
1478;6443
1483;6445
1482;6448
1479;6450
1480;6452
1482;6455
1485;6457
1491;6460
1496;6462
1495;6464
1494;6467
1492;6469
1490;6472
1491;6474
1503;6476
1503;6479
1501;6481
1498;6484
1496;6487
1503;6489
1507;6492
1505;6494
1509;6497
1511;6499
1502;6501
1492;6504
1487;6506
1482;6509
1480;6511
1479;6513
1480;6516
1482;6518
1486;6521
1504;6523
1525;6525
1523;6529
1516;6531
1509;6534
1500;6536
1490;6539
1484;6541
1484;6543
1484;6546
1488;6548
1495;6551
1501;6553
1504;6555
1498;6558
1494;6560
1492;6563
1489;6565
1487;6567
1486;6571
1488;6573
1496;6576
1500;6578
1510;6580
1510;6583
1509;6585
1515;6588
1510;6590
1506;6592
1508;6595
1508;6597
1499;6600
1493;6602
1489;6604
1488;6607
1488;6609
1490;6612
1493;6615
1497;6617
1494;6620
1491;6622
1491;6625
1491;6627
1489;6630
1487;6632
1493;6634
1512;6637
1512;6639
1500;6642
1490;6644
1486;6646
1486;6649
1490;6651
1499;6654
1501;6657
1504;6659
1508;6662
1504;6664
1501;6667
1497;6669
1492;6671
1494;6674
1494;6676
1498;6679
1502;6681
1509;6683
1522;6686
1515;6688
1507;6691
1500;6693
1493;6695
1489;6699
1488;6701
1491;6704
1499;6706
1498;6709
1495;6711
1495;6713
1497;6716
1494;6718
1491;6721
1490;6723
1493;6725
1492;6728
1492;6730
1496;6733
1498;6735
1503;6737
1515;6740
1522;6743
1516;6746
1506;6748
1498;6750
1494;6753
1492;6755
1495;6758
1499;6760
1501;6762
1501;6765
1501;6767
1501;6770
1497;6772
1498;6774
1507;6777
1515;6779
1513;6782
1508;6785
1508;6788
1499;6790
1490;6792
1486;6795
1482;6797
1481;6800
1482;6802
1484;6804
1486;6807
1490;6809
1495;6812
1500;6814
1514;6816
1511;6819
1503;6821
1500;6824
1497;6827
1497;6829
1498;6832
1502;6834
1503;6837
1498;6839
1497;6841
1502;6844
1501;6846
1500;6849
1503;6851
1516;6853
1520;6856
1530;6858
1528;6861
1519;6863
1509;6866
1501;6868
1495;6871
1492;6874
1499;6876
1499;6879
1492;6881
1491;6883
1490;6886
1491;6888
1493;6891
1493;6893
1492;6895
1492;6898
1494;6900
1498;6903
1506;6905
1506;6907
1503;6910
1499;6913
1499;6916
1503;6918
1513;6920
1523;6923
1519;6925
1510;6928
1500;6930
1491;6932
1487;6935
1488;6937
1501;6940
1503;6942
1507;6945
1511;6947
1504;6949
1493;6952
1488;6955
1486;6958
1489;6960
1495;6962
1497;6965
1497;6967
1499;6970
1497;6972
1496;6974
1497;6977
1508;6979
1514;6982
1510;6984
1523;6986
1529;6989
1515;6991
1506;6994
1498;6996
1492;6999
1494;7002
1493;7004
1491;7007
1491;7009
1493;7011
1496;7014
1499;7016
1497;7019
1493;7021
1489;7024
1487;7026
1487;7028
1487;7031
1490;7033
1493;7036
1497;7038
1502;7041
1511;7044
1510;7046
1504;7049
1496;7051
1487;7053
1484;7056
1487;7058
1488;7061
1497;7063
1499;7065
1498;7068
1503;7070
1509;7073
1504;7075
1497;7077
1492;7080
1489;7083
1488;7086
1490;7088
1500;7090
1505;7093
1498;7095
1491;7098
1486;7100
1484;7103
1486;7105
1485;7107
1487;7110
1493;7112
1503;7115
1501;7117
1495;7119
1491;7122
1491;7124
1492;7128
1504;7130
1515;7132
1515;7135
1514;7137
1528;7140
1519;7142
1502;7144
1490;7147
1486;7149
1484;7152
1482;7154
1479;7156
1476;7159
1475;7161
1477;7164
1482;7166
1489;7170
1494;7172
1492;7174
1494;7177
1501;7179
1500;7182
1494;7184
1488;7186
1487;7189
1486;7191
1486;7194
1487;7196
1492;7198
1500;7201
1508;7203
1519;7206
1526;7208
1518;7211
1504;7214
1495;7216
1487;7219
1483;7221
1482;7223
1481;7226
1483;7228
1489;7231
1485;7233
1483;7236
1481;7238
1481;7240
1482;7243
1488;7245
1491;7248
1488;7250
1487;7252
1489;7256
1498;7258
1517;7261
1519;7263
1527;7265
1518;7268
1511;7270
1516;7273
1508;7275
1496;7277
1487;7280
1484;7282
1483;7285
1482;7287
1482;7289
1482;7292
1483;7294
1488;7298
1493;7300
1494;7302
1489;7305
1486;7307
1483;7310
1482;7312
1483;7315
1483;7317
1483;7319
1495;7322
1503;7324
1505;7327
1509;7329
1504;7331
1499;7334
1495;7336
1499;7340
1503;7342
1497;7344
1490;7347
1485;7349
1484;7352
1484;7354
1485;7356
1490;7359
1498;7361
1499;7364
1501;7366
1497;7368
1492;7371
1490;7373
1488;7376
1487;7378
1485;7380
1489;7384
1499;7386
1502;7389
1502;7391
1499;7394
1500;7396
1502;7398
1510;7401
1511;7403
1502;7406
1494;7408
1489;7410
1488;7413
1490;7415
1499;7418
1501;7420
1496;7422
1491;7426
1491;7428
1493;7431
1498;7433
1505;7435
1505;7438
1499;7440
1495;7443
1499;7445
1500;7447
1495;7450
1492;7452
1491;7455
1490;7457
1492;7460
1492;7462
1499;7464
1499;7468
1494;7470
1497;7473
1500;7475
1502;7477
1502;7480
1499;7482
1495;7485
1493;7487
1492;7489
1494;7492
1496;7494
1504;7497
1509;7499
1511;7501
1518;7504
1510;7506
1505;7510
1503;7512
1501;7514
1496;7517
1495;7519
1494;7522
1495;7524
1491;7527
1487;7529
1485;7531
1487;7534
1489;7536
1490;7539
1491;7541
1492;7543
1495;7546
1502;7548
1503;7552
1504;7554
1504;7556
1499;7559
1494;7561
1491;7564
1493;7566
1501;7568
1502;7571
1502;7573
1508;7576
1506;7578
1501;7580
1495;7583
1492;7585
1490;7588
1490;7590
1491;7593
1495;7596
1501;7598
1507;7601
1505;7603
1500;7606
1499;7608
1497;7610
1495;7613
1503;7615
1503;7618
1496;7620
1495;7622
1496;7625
1497;7627
1498;7630
1507;7632
1508;7634
1505;7638
1504;7640
1508;7643
1502;7645
1495;7647
1492;7650
1492;7652
1493;7655
1498;7657
1513;7660
1522;7662
1521;7664
1518;7667
1509;7669
1502;7672
1497;7674
1494;7676
1493;7680
1492;7682
1492;7685
1492;7687
1497;7689
1501;7692
1506;7694
1508;7697
1502;7699
1504;7701
1504;7704
1500;7706
1503;7709
1500;7711
1498;7713
1502;7716
1504;7718
1506;7721
1514;7724
1516;7727
1511;7729
1500;7731
1493;7734
1486;7736
1481;7739
1480;7741
1482;7743
1484;7746
1487;7748
1491;7751
1496;7753
1496;7755
1495;7758
1492;7760
1490;7763
1495;7766
1510;7768
1518;7771
1512;7773
1502;7776
1495;7778
1488;7780
1489;7783
1492;7785
1497;7788
1505;7790
1509;7792
1506;7795
1500;7797
1492;7800
1488;7802
1486;7805
1486;7808
1484;7810
1483;7813
1483;7815
1483;7818
1484;7820
1486;7822
1492;7825
1493;7827
1492;7830
1492;7832
1499;7834
1497;7837
1496;7839
1501;7842
1507;7844
1505;7846
1498;7849
1494;7852
1491;7855
1488;7857
1487;7859
1490;7862
1492;7864
1494;7867
1493;7869
1496;7872
1497;7874
1496;7876
1493;7879
1492;7881
1492;7884
1491;7886
1494;7888
1495;7891
1503;7894
1508;7897
1502;7899
1496;7901
1490;7904
1489;7906
1489;7909
1496;7911
1509;7913
1507;7916
1500;7918
1497;7921
1495;7923
1497;7925
1493;7928
1489;7930
1488;7933
1491;7936
1492;7939
1491;7941
1492;7943
1493;7946
1492;7948
1492;7951
1490;7953
1492;7955
1498;7958
1501;7960
1495;7963
1488;7965
1484;7967
1486;7970
1491;7972
1493;7975
1503;7977
1508;7980
1508;7983
1509;7985
1512;7988
1507;7990
1498;7992
1494;7995
1492;7997
1497;8000
1503;8002
1495;8004
1492;8007
1492;8009
1497;8012
1500;8014
1496;8017
1492;8019
1489;8022
1488;8025
1495;8027
1494;8030
1494;8032
1495;8034
1499;8037
1498;8039
1493;8042
1488;8044
1487;8046
1487;8049
1490;8051
1499;8054
1514;8056
1510;8058
1496;8061
1489;8064
1486;8067
1486;8069
1487;8071
1487;8074
1495;8076
1497;8079
1496;8081
1497;8083
1512;8086
1516;8088
1511;8091
1503;8093
1494;8095
1493;8098
1493;8100
1491;8103
1489;8105
1486;8109
1485;8111
1486;8113
1488;8116
1498;8118
1510;8121
1510;8123
1508;8125
1503;8128
1498;8130
1495;8133
1491;8135
1487;8137
1484;8140
1484;8142
1486;8145
1487;8147
1489;8150
1492;8153
1496;8155
1499;8158
1501;8160
1501;8162
1498;8165
1502;8167
1510;8170
1509;8172
1507;8174
1501;8177
1496;8179
1492;8182
1492;8184
1494;8187
1496;8189
1501;8192
1502;8195
1501;8197
1499;8200
1497;8202
1494;8204
1492;8207
1492;8209
1500;8212
1499;8214
1497;8216
1497;8219
1495;8221
1499;8224
1504;8226
1507;8228
1501;8231
1495;8233
1495;8237
1497;8239
1495;8241
1495;8244
1493;8246
1491;8249
1492;8251
1497;8253
1502;8256
1507;8258
1506;8261
1501;8263
1495;8266
1495;8268
1502;8270
1507;8273
1512;8275
1514;8279
1509;8281
1503;8283
1496;8286
1492;8288
1491;8291
1490;8293
1504;8295
1504;8298
1495;8300
1492;8303
1492;8305
1490;8307
1488;8310
1486;8312
1487;8315
1491;8317
1504;8320
1512;8323
1508;8325
1504;8328
1500;8330
1495;8333
1491;8335
1488;8337
1491;8340
1513;8342
1516;8345
1507;8347
1501;8349
1496;8352
1491;8354
1487;8357
1487;8359
1490;8361
1489;8365
1488;8367
1489;8370
1490;8372
1491;8374
1492;8377
1497;8379
1499;8382
1497;8384
1500;8386
1517;8389
1527;8391
1520;8394
1504;8396
1492;8398
1486;8401
1485;8403
1486;8407
1487;8409
1488;8412
1489;8414
1490;8416
1492;8419
1504;8421
1508;8424
1508;8426
1501;8428
1494;8431
1490;8433
1489;8436
1494;8438
1494;8440
1496;8443
1504;8445
1506;8449
1503;8451
1504;8453
1505;8456
1500;8458
1501;8461
1499;8463
1499;8465
1500;8468
1497;8470
1494;8473
1491;8475
1489;8477
1487;8480
1487;8482
1489;8485
1490;8487
1490;8491
1490;8493
1494;8495
1497;8498
1500;8500
1506;8503
1513;8505
1509;8507
1504;8510
1498;8512
1494;8515
1493;8517
1496;8519
1513;8522
1517;8524
1506;8527
1500;8529
1500;8531
1497;8535
1493;8537
1490;8540
1492;8542
1494;8544
1499;8547
1503;8549
1502;8552
1501;8554
1502;8556
1500;8559
1499;8561
1499;8564
1501;8566
1502;8569
1498;8571
1495;8573
1491;8577
1493;8579
1494;8582
1502;8584
1495;8586
1490;8589
1492;8591
1492;8594
1497;8596
1503;8598
1505;8601
1504;8603
1504;8606
1502;8608
1498;8610
1494;8613
1497;8615
1497;8619
1500;8621
1504;8623
1503;8626
1501;8628
1497;8631
1495;8633
1494;8636
1495;8638
1495;8640
1495;8643
1496;8645
1503;8648
1506;8650
1502;8652
1498;8655
1496;8657
1497;8660
1500;8663
1497;8665
1494;8668
1495;8670
1495;8673
1495;8675
1497;8677
1498;8680
1496;8682
1497;8685
1498;8687
1498;8689
1501;8692
1504;8694
1506;8697
1507;8699
1506;8701
1510;8705
1522;8707
1521;8710
1513;8712
1506;8715
1501;8717
1498;8719
1497;8722
1497;8724
1502;8727
1510;8729
1514;8731
1507;8734
1500;8736
1496;8739
1495;8741
1495;8743
1501;8747
1508;8749
1505;8752
1499;8754
1504;8756
1503;8759
1499;8761
1501;8764
1502;8766
1508;8768
1529;8771
1536;8773
1533;8776
1519;8778
1507;8781
1498;8783
1491;8785
1487;8788
1484;8791
1483;8794
1486;8796
1482;8798
1477;8801
1478;8803
1482;8806
1489;8808
1494;8810
1498;8813
1499;8815
1496;8818
1496;8820
1498;8822
1496;8825
1498;8827
1502;8830
1502;8833
1502;8835
1503;8838
1503;8840
1497;8843
1494;8845
1491;8847
1489;8850
1493;8852
1490;8855
1484;8857
1483;8860
1483;8862
1482;8864
1481;8867
1480;8869
1479;8872
1481;8875
1485;8877
1485;8880
1484;8882
1483;8885
1483;8887
1483;8889
1484;8892
1486;8894
1490;8897
1495;8899
1500;8901
1504;8904
1504;8906
1503;8909
1499;8911
1495;8913
1493;8916
1494;8919
1494;8922
1495;8924
1498;8927
1499;8929
1500;8931
1500;8934
1499;8936
1499;8939
1498;8941
1503;8943
1511;8946
1505;8948
1497;8951
1492;8953
1491;8955
1495;8958
1493;8961
1490;8964
1489;8966
1488;8968
1487;8971
1488;8973
1490;8976
1495;8978
1499;8980
1499;8983
1496;8985
1493;8988
1495;8990
1494;8992
1495;8995
1497;8997
1497;9000
1495;9003
1502;9006
1521;9008
1539;9010
1530;9013
1516;9015
1503;9018
1494;9020
1488;9022
1485;9025
1484;9027
1483;9030
1483;9032
1485;9034
1489;9037
1492;9039
1490;9042
1489;9044
1488;9047
1489;9050
1489;9052
1489;9055
1489;9057
1491;9059
1492;9062
1491;9064
1488;9067
1487;9069
1490;9072
1504;9074
1522;9076
1524;9079
1530;9081
1538;9084
1527;9086
1510;9089
1496;9092
1491;9094
1488;9097
1487;9099
1488;9101
1488;9104
1489;9106
1490;9109
1490;9111
1491;9113
1491;9116
1490;9118
1489;9121
1491;9123
1493;9125
1494;9128
1494;9131
1492;9134
1494;9136
1495;9138
1491;9141
1490;9143
1494;9146
1497;9148
1508;9151
1520;9153
1518;9155
1512;9158
1504;9160
1497;9163
1493;9165
1491;9167
1492;9170
1491;9172
1490;9176
1493;9178
1502;9180
1502;9183
1499;9185
1497;9188
1495;9190
1492;9192
1491;9195
1489;9197
1489;9200
1493;9202
1495;9205
1492;9207
1489;9209
1485;9212
1484;9214
1492;9218
1497;9220
1495;9222
1491;9225
1488;9227
1487;9230
1487;9232
1490;9234
1495;9237
1498;9239
1504;9242
1507;9244
1503;9246
1499;9249
1497;9251
1497;9254
1496;9256
1495;9259
1495;9262
1495;9264
1494;9267
1494;9269
1499;9272
1503;9274
1505;9276
1502;9279
1497;9281
1494;9284
1492;9286
1492;9288
1495;9291
1500;9293
1499;9296
1493;9298
1488;9300
1487;9304
1487;9306
1486;9309
1487;9311
1490;9313
1511;9316
1513;9318
1500;9321
1494;9323
1492;9325
1492;9328
1493;9330
1499;9333
1504;9335
1503;9337
1500;9340
1497;9342
1495;9346
1495;9348
1497;9351
1500;9353
1501;9355
1499;9358
1495;9360
1492;9363
1491;9365
1490;9367
1490;9370
1492;9372
1494;9375
1498;9377
1502;9379
1504;9382
1498;9384
1492;9388
1489;9390
1488;9392
1489;9395
1490;9397
1495;9400
1502;9402
1515;9405
1515;9407
1509;9409
1503;9412
1496;9414
1496;9417
1496;9419
1493;9421
1497;9424
1497;9426
1493;9430
1491;9432
1488;9434
1487;9437
1487;9439
1488;9442
1490;9444
1490;9446
1487;9449
1489;9451
1493;9454
1493;9456
1493;9458
1491;9461
1493;9463
1499;9466
1513;9468
1517;9472
1517;9474
1513;9476
1508;9479
1500;9481
1495;9484
1491;9486
1487;9488
1486;9491
1487;9493
1493;9496
1494;9498
1490;9500
1489;9503
1487;9505
1485;9508
1484;9510
1487;9512
1491;9516
1492;9518
1490;9521
1487;9523
1485;9525
1485;9528
1492;9530
1504;9533
1510;9535
1512;9538
1513;9540
1515;9542
1513;9545
1505;9547
1499;9550
1491;9552
1485;9554
1487;9558
1486;9560
1486;9563
1494;9565
1496;9567
1493;9570
1486;9572
1483;9575
1482;9577
1482;9579
1483;9582
1485;9584
1487;9587
1489;9589
1491;9591
1498;9594
1502;9596
1501;9600
1499;9602
1495;9605
1491;9607
1489;9609
1490;9612
1494;9614
1506;9617
1524;9619
1516;9621
1505;9624
1497;9626
1492;9629
1490;9631
1488;9633
1490;9636
1491;9638
1490;9641
1489;9644
1489;9646
1493;9649
1505;9651
1498;9654
1486;9656
1480;9658
1479;9661
1482;9663
1485;9666
1487;9668
1490;9670
1492;9673
1494;9675
1501;9678
1530;9680
1529;9683
1514;9686
1502;9688
1492;9691
1490;9693
1489;9696
1490;9698
1491;9700
1493;9703
1494;9705
1495;9708
1496;9710
1498;9712
1502;9715
1503;9717
1501;9720
1508;9722
1510;9724
1506;9728
1505;9730
1506;9733
1505;9735
1498;9737
1492;9740
1490;9742
1491;9745
1491;9747
1490;9750
1490;9752
1491;9754
1491;9757
1491;9759
1487;9762
1484;9764
1487;9766
1491;9769
1494;9772
1494;9775
1496;9777
1499;9779
1503;9782
1505;9784
1503;9787
1502;9789
1501;9791
1498;9794
1506;9796
1525;9799
1527;9801
1515;9803
1504;9806
1495;9808
1490;9811
1486;9814
1481;9817
1479;9819
1477;9821
1477;9824
1481;9826
1481;9829
1480;9831
1482;9833
1487;9836
1490;9838
1497;9841
1499;9843
1498;9845
1500;9848
1504;9850
1526;9853
1527;9856
1510;9858
1499;9861
1491;9863
1487;9866
1488;9868
1489;9870
1489;9873
1490;9875
1492;9878
1500;9880
1507;9882
1506;9885
1500;9887
1494;9890
1490;9892
1486;9895
1484;9897
1484;9900
1487;9903
1491;9905
1495;9908
1491;9910
1486;9912
1486;9915
1489;9917
1492;9920
1494;9922
1497;9924
1516;9927
1520;9929
1510;9932
1501;9934
1494;9936
1490;9939
1491;9942
1491;9945
1491;9947
1491;9949
1494;9952
1496;9954
1494;9957
1504;9959
1502;9962
1491;9964
1486;9966
1483;9969
1482;9971
1483;9974
1483;9976
1484;9978
1486;9981
1487;9984
1491;9987
1495;9989
1499;9991
1500;9994
1497;9996
1491;9999
1488;10001
1494;10003
1501;10006
1507;10008
1515;10011
1526;10013
1523;10016
1511;10018
1504;10021
1498;10023
1493;10027
1492;10029
1492;10032
1492;10034
1490;10036
1487;10039
1484;10041
1483;10044
1483;10046
1483;10049
1486;10051
1489;10054
1486;10056
1486;10059
1491;10061
1497;10063
1497;10066
1496;10068
1499;10072
1499;10074
1497;10077
1505;10079
1507;10082
1503;10084
1498;10087
1495;10089
1495;10091
1495;10094
1498;10096
1507;10099
1516;10101
1515;10104
1507;10106
1501;10109
1497;10112
1495;10115
1495;10117
1494;10120
1495;10122
1496;10124
1498;10127
1504;10129
1509;10132
1515;10134
1516;10137
1504;10139
1496;10142
1495;10144
1496;10147
1496;10149
1501;10151
1510;10155
1507;10157
1500;10160
1496;10162
1495;10165
1497;10167
1499;10170
1496;10172
1494;10175
1495;10177
1499;10179
1502;10182
1501;10184
1496;10187
1493;10189
1497;10192
1511;10194
1516;10198
1501;10200
1491;10203
1486;10205
1484;10208
1486;10210
1488;10212
1494;10215
1494;10217
1490;10220
1489;10222
1488;10225
1488;10227
1490;10230
1492;10232
1497;10235
1507;10237
1513;10240
1510;10243
1506;10245
1499;10248
1492;10250
1489;10253
1487;10255
1487;10258
1489;10260
1502;10263
1506;10265
1500;10267
1490;10270
1482;10272
1482;10275
1483;10277
1485;10280
1494;10283
1496;10286
1501;10288
1507;10291
1504;10293
1497;10296
1491;10298
1490;10300
1493;10303
1497;10305
1502;10308
1500;10310
1501;10313
1501;10315
1497;10318
1493;10320
1493;10323
1495;10326
1499;10328
1502;10331
1502;10333
1503;10336
1508;10338
1503;10341
1495;10343
1491;10346
1491;10348
1493;10351
1501;10353
1505;10355
1498;10358
1487;10360
1484;10363
1485;10365
1496;10369
1503;10371
1499;10374
1498;10376
1493;10379
1491;10381
1490;10383
1489;10386
1488;10388
1488;10391
1500;10393
1509;10396
1506;10398
1500;10401
1496;10403
1493;10406
1491;10408
1490;10412
1490;10414
1502;10416
1511;10419
1507;10421
1501;10424
1493;10426
1489;10429
1490;10431
1495;10434
1500;10436
1500;10439
1495;10441
1492;10443
1496;10446
1494;10448
1491;10451
1493;10454
1493;10457
1493;10459
1494;10462
1495;10464
1499;10467
1503;10469
1503;10471
1505;10474
1499;10476
1492;10479
1491;10481
1494;10484
1502;10486
1506;10489
1512;10491
1510;10494
1502;10497
1492;10499
1485;10502
1483;10504
1483;10507
1484;10509
1488;10512
1490;10514
1495;10517
1498;10519
1498;10522
1496;10524
1494;10527
1493;10529
1490;10531
1484;10534
1484;10536
1485;10540
1484;10542
1483;10545
1492;10547
1503;10550
1507;10552
1507;10555
1506;10557
1502;10559
1494;10562
1488;10564
1488;10567
1493;10569
1499;10572
1493;10574
1488;10577
1490;10579
1489;10583
1487;10585
1484;10587
1483;10590
1482;10592
1485;10595
1488;10597
1492;10600
1501;10602
1512;10605
1505;10607
1494;10610
1488;10612
1487;10615
1488;10617
1488;10619
1495;10622
1496;10625
1500;10628
1500;10630
1499;10633
1505;10635
1501;10638
1493;10640
1495;10643
1497;10645
1493;10647
1490;10650
1486;10652
1484;10655
1487;10657
1491;10660
1493;10662
1493;10665
1492;10668
1486;10671
1484;10673
1486;10675
1487;10678
1500;10680
1500;10683
1497;10685
1499;10688
1512;10690
1517;10693
1506;10695
1496;10698
1490;10700
1488;10702
1490;10705
1499;10707
1502;10711
1499;10713
1499;10716
1492;10718
1486;10721
1485;10723
1484;10726
1496;10728
1499;10731
1492;10733
1489;10735
1486;10738
1484;10740
1486;10743
1487;10745
1488;10748
1485;10750
1484;10754
1484;10756
1490;10759
1504;10761
1501;10763
1497;10766
1499;10768
1494;10771
1488;10773
1483;10776
1483;10778
1485;10781
1490;10783
1493;10786
1494;10788
1492;10790
1489;10793
1487;10796
1486;10799
1486;10801
1493;10804
1498;10806
1493;10809
1488;10811
1486;10814
1487;10816
1488;10819
1488;10821
1499;10823
1500;10826
1488;10828
1483;10831
1483;10833
1484;10836
1490;10839
1492;10842
1493;10844
1502;10847
1501;10849
1497;10851
1492;10854
1488;10856
1486;10859
1485;10861
1488;10864
1495;10866
1502;10869
1501;10871
1496;10874
1490;10876
1487;10878
1484;10882
1482;10884
1483;10887
1486;10889
1497;10892
1508;10894
1510;10897
1508;10899
1503;10902
1502;10904
1500;10907
1495;10909
1490;10911
1492;10914
1494;10916
1492;10919
1492;10921
1497;10925
1503;10927
1507;10930
1499;10932
1489;10935
1484;10937
1489;10939
1499;10942
1501;10944
1495;10947
1492;10949
1495;10952
1499;10954
1499;10957
1495;10959
1490;10962
1493;10964
1505;10967
1508;10970
1502;10972
1496;10975
1490;10977
1485;10980
1483;10982
1481;10985
1481;10987
1482;10990
1482;10992
1485;10994
1488;10997
1491;10999
1493;11002
1493;11004
1491;11008
1495;11010
1497;11013
1503;11015
1518;11018
1527;11020
1526;11023
1514;11025
1501;11027
1496;11030
1493;11032
1491;11035
1491;11037
1492;11040
1502;11042
1504;11045
1498;11047
1495;11051
1492;11053
1492;11055
1493;11058
1510;11060
1522;11063
1517;11065
1509;11068
1499;11070
1492;11073
1490;11075
1492;11078
1494;11080
1498;11082
1498;11085
1497;11087
1498;11090
1505;11092
1519;11096
1518;11098
1507;11101
1498;11103
1496;11106
1495;11108
1494;11111
1493;11113
1492;11115
1490;11118
1488;11120
1488;11123
1490;11125
1518;11128
1533;11130
1523;11133
1509;11136
1495;11139
1491;11141
1490;11143
1489;11146
1487;11148
1487;11151
1490;11153
1494;11156
1499;11158
1500;11161
1496;11163
1491;11166
1489;11168
1494;11170
1499;11173
1498;11175
1497;11179
1509;11181
1514;11184
1508;11186
1505;11189
1500;11191
1496;11194
1502;11196
1512;11199
1512;11201
1504;11203
1495;11206
1490;11208
1489;11211
1492;11213
1506;11216
1508;11218
1499;11222
1492;11224
1487;11227
1486;11229
1487;11231
1488;11234
1491;11236
1493;11239
1493;11241
1495;11244
1496;11246
1492;11249
1488;11251
1487;11254
1486;11256
1490;11258
1491;11261
1490;11264
1495;11267
1503;11269
1521;11272
1518;11274
1511;11277
1504;11279
1497;11282
1492;11284
1490;11286
1489;11289
1489;11291
1488;11294
1488;11296
1491;11299
1503;11301
1509;11304
1506;11307
1503;11310
1494;11312
1488;11315
1486;11317
1502;11319
1514;11322
1506;11324
1500;11327
1493;11329
1488;11332
1484;11334
1484;11337
1488;11339
1491;11342
1499;11344
1501;11346
1502;11350
1500;11352
1496;11355
1492;11357
1490;11360
1491;11362
1491;11365
1502;11367
1512;11370
1508;11372
1501;11374
1493;11377
1489;11379
1490;11382
1495;11384
1503;11387
1501;11389
1495;11393
1489;11395
1485;11398
1486;11400
1489;11403
1493;11405
1494;11407
1501;11410
1521;11412
1518;11415
1505;11417
1497;11420
1492;11422
1488;11425
1490;11427
1497;11430
1506;11432
1514;11435
1502;11438
1491;11440
1488;11443
1490;11445
1496;11448
1501;11450
1499;11453
1496;11455
1498;11458
1501;11460
1500;11462
1494;11465
1489;11467
1486;11470
1482;11472
1486;11475
1489;11478
1491;11481
1493;11483
1503;11486
1501;11488
1497;11490
1499;11493
1500;11495
1495;11498
1492;11500
1501;11503
1499;11505
1493;11508
1490;11510
1496;11513
1511;11515
1512;11518
1502;11521
1490;11523
1483;11526
1481;11528
1484;11531
1489;11533
1493;11536
1500;11538
1498;11541
1492;11543
1488;11546
1488;11548
1488;11550
1494;11553
1497;11555
1498;11558
1500;11560
1495;11564
1490;11566
1486;11569
1491;11571
1504;11574
1505;11576
1496;11578
1489;11581
1489;11583
1497;11586
1498;11588
1493;11591
1492;11593
1495;11596
1499;11598
1499;11601
1496;11603
1485;11607
1480;11609
1482;11611
1483;11614
1488;11616
1495;11619
1498;11621
1499;11624
1497;11626
1490;11629
1487;11631
1491;11634
1492;11636
1492;11638
1499;11641
1509;11643
1508;11646
1502;11649
1495;11652
1487;11654
1485;11657
1487;11659
1499;11662
1498;11664
1490;11666
1489;11669
1490;11671
1501;11674
1502;11676
1494;11679
1486;11681
1483;11684
1484;11686
1489;11689
1504;11692
1515;11695
1509;11697
1499;11699
1493;11702
1490;11704
1487;11707
1486;11709
1491;11712
1499;11714
1495;11717
1490;11719
1490;11722
1492;11724
1492;11726
1490;11729
1489;11731
1491;11735
1504;11737
1504;11740
1503;11742
1502;11745
1504;11747
1516;11750
1515;11752
1506;11754
1497;11757
1489;11759
1482;11762
1479;11764
1478;11767
1478;11769
1484;11772
1488;11774
1491;11778
1500;11780
1511;11782
1521;11785
1519;11787
1507;11790
1499;11792
1493;11795
1492;11797
1492;11800
1492;11802
1492;11805
1498;11807
1516;11810
1515;11812
1508;11814
1499;11817
1492;11820
1495;11823
1496;11825
1499;11828
1503;11830
1511;11833
1502;11835
1492;11838
1486;11840
1484;11842
1482;11845
1482;11847
1492;11850
1510;11852
1510;11855
1503;11857
1497;11860
1490;11863
1490;11866
1491;11868
1492;11870
1494;11873
1515;11875
1516;11878
1502;11880
1491;11883
1485;11885
1485;11888
1486;11890
1487;11893
1488;11895
1492;11898
1494;11900
1499;11902
1512;11906
1525;11908
1515;11911
1499;11913
1489;11916
1484;11918
1480;11921
1479;11923
1483;11926
1488;11928
1491;11930
1495;11933
1501;11935
1501;11938
1498;11940
1499;11943
1502;11945
1503;11949
1509;11951
1527;11954
1520;11956
1505;11958
1495;11961
1488;11963
1486;11966
1486;11968
1486;11971
1486;11973
1486;11976
1487;11978
1494;11981
1517;11983
1551;11986
1544;11988
1520;11991
1501;11994
1489;11996
1484;11999
1480;12001
1479;12004
1479;12006
1478;12009
1479;12011
1478;12014
1478;12016
1480;12018
1483;12021
1487;12023
1492;12026
1496;12028
1496;12032
1508;12034
1505;12037
1507;12039
1511;12042
1504;12044
1497;12046
1491;12049
1486;12051
1491;12054
1513;12056
1517;12059
1505;12061
1491;12064
1486;12066
1486;12069
1488;12071
1490;12073
1490;12077
1487;12079
1486;12082
1486;12084
1487;12087
1487;12089
1488;12092
1491;12094
1499;12097
1502;12099
1493;12102
1488;12104
1488;12106
1487;12109
1486;12111
1490;12114
1519;12116
1522;12120
1511;12122
1505;12125
1498;12127
1495;12130
1499;12132
1503;12134
1499;12137
1497;12139
1500;12142
1495;12144
1494;12147
1493;12149
1487;12152
1484;12154
1485;12157
1485;12160
1486;12163
1488;12165
1489;12167
1489;12170
1489;12172
1488;12175
1488;12177
1488;12180
1493;12182
1500;12185
1496;12187
1496;12190
1496;12192
1502;12194
1502;12197
1505;12199
1507;12203
1508;12205
1513;12208
1510;12210
1504;12213
1497;12215
1492;12218
1509;12220
1505;12222
1499;12225
1497;12227
1493;12230
1488;12232
1485;12235
1487;12237
1494;12240
1494;12242
1490;12246
1488;12248
1488;12250
1488;12253
1492;12255
1487;12258
1483;12260
1485;12263
1483;12265
1480;12268
1480;12270
1484;12273
1488;12275
1492;12278
1498;12280
1503;12282
1506;12285
1503;12288
1504;12291
1510;12293
1511;12296
1501;12298
1495;12301
1490;12303
1484;12306
1488;12308
1499;12310
1497;12313
1489;12315
1484;12318
1484;12320
1483;12323
1481;12325
1480;12328
1478;12331
1481;12334
1486;12336
1492;12338
1488;12341
1485;12343
1486;12346
1487;12348
1489;12351
1491;12353
1491;12356
1494;12358
1500;12361
1499;12363
1495;12366
1492;12368
1498;12370
1499;12374
1506;12376
1514;12379
1511;12381
1502;12384
1490;12386
1484;12389
1481;12391
1480;12394
1484;12396
1498;12398
1506;12401
1511;12403
1518;12406
1514;12408
1500;12411
1491;12413
1487;12417
1486;12419
1489;12422
1492;12424
1490;12426
1492;12429
1495;12431
1491;12434
1489;12436
1492;12439
1491;12441
1485;12444
1480;12446
1478;12449
1480;12451
1482;12454
1489;12456
1499;12459
1503;12462
1501;12464
1504;12467
1521;12469
1534;12472
1537;12474
1523;12477
1509;12479
1498;12482
1491;12484
1488;12486
1484;12489
1492;12491
1518;12494
1517;12496
1502;12499
1493;12502
1487;12505
1485;12507
1483;12510
1483;12512
1484;12514
1495;12517
1500;12519
1493;12522
1484;12524
1479;12527
1479;12529
1480;12532
1481;12534
1482;12537
1490;12539
1497;12541
1497;12545
1498;12547
1499;12550
1500;12552
1502;12555
1501;12557
1493;12560
1486;12562
1482;12565
1483;12567
1489;12570
1489;12572
1490;12574
1493;12577
1503;12579
1504;12582
1502;12584
1494;12588
1482;12590
1480;12593
1480;12595
1481;12598
1483;12600
1488;12602
1493;12605
1492;12607
1506;12610
1528;12612
1520;12615
1503;12617
1493;12620
1488;12622
1486;12625
1485;12627
1488;12630
1490;12633
1489;12635
1488;12638
1488;12640
1491;12643
1494;12645
1506;12648
1511;12650
1502;12653
1495;12655
1483;12658
1474;12660
1469;12662
1470;12665
1475;12667
1480;12670
1483;12673
1486;12676
1495;12678
1503;12681
1508;12683
1514;12686
1523;12688
1518;12690
1513;12693
1509;12695
1505;12698
1502;12700
1499;12703
1505;12705
1519;12708
1521;12710
1508;12713
1493;12716
1483;12718
1478;12721
1476;12723
1477;12726
1479;12728
1480;12731
1483;12733
1486;12736
1501;12738
1520;12741
1512;12743
1502;12746
1495;12748
1489;12750
1486;12753
1484;12755
1483;12759
1498;12761
1507;12764
1503;12766
1505;12769
1502;12771
1489;12774
1482;12776
1482;12778
1483;12781
1483;12783
1482;12786
1481;12788
1479;12791
1478;12793
1477;12796
1479;12798
1482;12802
1493;12804
1496;12806
1493;12809
1507;12811
1520;12814
1522;12816
1517;12819
1500;12821
1488;12824
1483;12826
1481;12829
1482;12831
1484;12834
1488;12836
1497;12838
1504;12841
1519;12844
1517;12847
1502;12849
1493;12852
1488;12854
1486;12857
1484;12859
1483;12862
1483;12864
1490;12866
1493;12869
1514;12871
1528;12874
1515;12876
1500;12879
1490;12881
1488;12884
1489;12887
1488;12890
1485;12892
1484;12894
1484;12897
1485;12899
1487;12902
1489;12904
1497;12907
1507;12909
1507;12912
1503;12914
1496;12917
1491;12919
1489;12921
1490;12924
1491;12926
1490;12930
1498;12932
1509;12935
1517;12937
1521;12940
1510;12942
1500;12945
1495;12947
1495;12950
1493;12952
1498;12954
1511;12957
1516;12959
1512;12962
1501;12964
1492;12967
1486;12969
1483;12973
1483;12975
1484;12978
1486;12980
1490;12982
1492;12985
1494;12987
1495;12990
1497;12992
1497;12995
1495;12997
1492;13000
1493;13002
1494;13005
1493;13007
1501;13009
1519;13012
1523;13015
1517;13018
1512;13020
1506;13023
1502;13025
1500;13028
1498;13030
1494;13033
1491;13035
1490;13037
1492;13040
1498;13042
1502;13045
1502;13047
1508;13050
1511;13052
1513;13056
1507;13058
1500;13061
1495;13063
1491;13066
1489;13068
1488;13070
1489;13073
1495;13075
1512;13078
1527;13080
1520;13083
1514;13085
1511;13088
1505;13090
1500;13093
1499;13095
1494;13097
1491;13101
1490;13103
1489;13106
1490;13108
1493;13111
1496;13113
1498;13116
1498;13118
1496;13121
1497;13123
1500;13125
1508;13128
1512;13130
1514;13133
1511;13135
1505;13138
1501;13140
1501;13144
1500;13146
1498;13149
1507;13151
1524;13154
1519;13156
1515;13158
1523;13161
1518;13163
1506;13166
1497;13168
1490;13171
1489;13173
1489;13176
1490;13178
1490;13181
1490;13184
1493;13186
1509;13189
1531;13191
1524;13194
1509;13196
1498;13199
1492;13201
1490;13204
1494;13206
1503;13209
1502;13211
1495;13213
1488;13216
1482;13218
1480;13221
1486;13223
1493;13227
1493;13229
1498;13232
1514;13234
1521;13237
1514;13239
1507;13242
1499;13244
1494;13246
1492;13249
1493;13251
1497;13254
1527;13256
1532;13259
1519;13261
1509;13264
1496;13266
1490;13270
1489;13272
1489;13274
1488;13277
1488;13279
1491;13282
1496;13284
1500;13287
1499;13289
1497;13292
1498;13294
1508;13297
1511;13299
1508;13301
1498;13304
1491;13306
1486;13309
1484;13312
1484;13315
1483;13317
