1501;25806
1500;25808
1498;25810
1497;25814
1499;25816
1502;25819
1501;25821
1498;25824
1495;25826
1493;25829
1492;25831
1492;25834
1492;25836
1492;25838
1493;25841
1495;25843
1496;25846
1496;25848
1498;25851
1496;25853
1493;25857
1492;25859
1491;25862
1494;25864
1494;25867
1493;25869
1494;25871
1494;25874
1494;25876
1496;25879
1499;25881
1501;25884
1499;25886
1496;25889
1493;25891
1492;25894
1492;25896
1491;25899
1491;25902
1491;25904
1492;25907
1492;25909
1492;25912
1492;25914
1492;25917
1494;25919
1499;25922
1505;25924
1505;25926
1501;25929
1499;25931
1496;25934
1496;25936
1498;25939
1498;25942
1496;25945
1496;25947
1496;25950
1494;25952
1492;25955
1492;25957
1493;25959
1494;25962
1494;25964
1494;25967
1493;25969
1493;25972
1494;25974
1493;25977
1493;25979
1492;25982
1494;25985
1500;25987
1500;25990
1499;25992
1497;25995
1495;25997
1493;26000
1492;26002
1491;26005
1490;26007
1491;26010
1491;26012
1492;26014
1493;26017
1493;26019
1493;26022
1494;26024
1494;26028
1494;26030
1496;26033
1498;26035
1501;26038
1502;26040
1500;26042
1497;26045
1495;26047
1494;26050
1493;26052
1493;26055
1492;26057
1493;26060
1495;26062
1495;26065
1494;26067
1494;26071
1493;26073
1493;26075
1493;26078
1493;26080
1493;26083
1493;26085
1495;26088
1499;26090
1504;26093
1505;26095
1504;26098
1500;26100
1497;26102
1497;26105
1497;26107
1496;26110
1494;26113
1495;26116
1496;26118
1495;26121
1496;26123
1499;26126
1499;26128
1496;26130
1494;26133
1492;26135
1491;26138
1490;26140
1490;26143
1490;26145
1490;26148
1490;26150
1490;26153
1491;26156
1493;26159
1497;26161
1499;26163
1499;26166
1499;26168
1498;26171
1496;26173
1495;26176
1493;26178
1492;26181
1494;26183
1504;26186
1507;26188
1502;26190
1498;26193
1495;26195
1494;26199
1492;26201
1492;26204
1491;26206
1490;26209
1490;26211
1490;26214
1490;26216
1490;26218
1491;26221
1491;26223
1491;26226
1493;26228
1494;26231
1496;26233
1497;26236
1497;26238
1500;26242
1504;26244
1503;26246
1501;26249
1497;26251
1494;26254
1493;26256
1493;26259
1494;26261
1494;26264
1495;26266
1495;26269
1495;26271
1495;26274
1495;26276
1494;26278
1494;26281
1497;26284
1499;26287
1499;26289
1503;26292
1506;26294
1505;26297
1503;26299
1502;26302
1502;26304
1501;26306
1500;26309
1497;26311
1495;26314
1493;26316
1492;26319
1491;26321
1492;26324
1492;26327
1491;26330
1491;26332
1491;26334
1491;26337
1492;26339
1492;26342
1492;26344
1493;26347
1495;26349
1499;26352
1498;26354
1498;26357
1497;26359
1495;26362
1494;26364
1493;26366
1492;26370
1492;26372
1492;26375
1494;26377
1501;26380
1502;26382
1502;26385
1501;26387
1499;26390
1498;26392
1498;26394
1499;26397
1496;26399
1495;26402
1496;26404
1494;26407
1494;26409
1494;26413
1493;26415
1494;26418
1494;26420
1495;26422
1495;26425
1496;26427
1496;26430
1496;26432
1495;26435
1495;26437
1496;26440
1496;26442
1494;26445
1493;26447
1492;26449
1492;26452
1494;26455
1494;26458
1493;26460
1492;26463
1492;26465
1493;26468
1496;26470
1499;26473
1500;26475
1499;26478
1499;26480
1499;26482
1497;26485
1496;26487
1494;26490
1493;26492
1493;26496
1492;26498
1493;26501
1493;26503
1495;26506
1497;26508
1501;26510
1503;26513
1500;26515
1496;26518
1494;26520
1493;26523
1492;26525
1492;26528
1491;26530
1491;26533
1492;26535
1493;26537
1494;26541
1493;26543
1493;26546
1494;26548
1494;26551
1494;26553
1494;26556
1494;26558
1498;26561
1502;26563
1502;26566
1502;26568
1503;26570
1501;26573
1499;26575
1497;26578
1495;26580
1493;26584
1494;26586
1496;26589
1499;26591
1500;26594
1502;26596
1503;26598
1501;26601
1496;26603
1494;26606
1492;26608
1490;26611
1490;26613
1490;26616
1494;26618
1499;26621
1498;26624
1496;26626
1494;26629
1493;26631
1492;26634
1492;26636
1492;26639
1491;26641
1491;26644
1490;26646
1490;26649
1490;26651
1490;26654
1493;26656
1495;26658
1497;26661
1497;26663
1496;26667
1494;26669
1493;26672
1492;26674
1491;26677
1491;26679
1491;26682
1492;26684
1495;26686
1498;26689
1504;26691
1506;26694
1505;26696
1502;26699
1498;26701
1494;26704
1492;26706
1491;26710
1490;26712
1490;26714
1490;26717
1491;26719
1492;26722
1495;26724
1501;26727
1502;26729
1500;26732
1497;26734
1496;26737
1495;26739
1495;26741
1493;26744
1493;26746
1492;26749
1492;26752
1492;26755
1497;26757
1503;26760
1506;26762
1506;26765
1500;26767
1494;26770
1491;26772
1491;26774
1492;26777
1492;26779
1492;26782
1492;26784
1493;26787
1495;26789
1499;26792
1506;26795
1506;26798
1502;26800
1498;26802
1495;26805
1494;26807
1493;26810
1493;26812
1493;26815
1493;26817
1495;26820
1496;26822
1498;26825
1502;26827
1503;26829
1500;26832
1498;26834
1496;26838
1494;26840
1494;26843
1495;26845
1496;26848
1497;26850
1498;26853
1502;26855
1503;26858
1504;26860
1503;26862
1500;26865
1499;26867
1498;26870
1496;26872
1494;26875
1493;26877
1494;26881
1494;26883
1494;26886
1496;26888
1496;26890
1497;26893
1498;26895
1496;26898
1493;26900
1494;26903
1493;26905
1491;26908
1490;26910
1490;26913
1490;26915
1490;26917
1491;26920
1492;26923
1495;26926
1503;26928
1502;26931
1498;26933
1495;26936
1493;26938
1493;26941
1493;26943
1493;26945
1493;26948
1495;26950
1497;26953
1498;26955
1499;26958
1501;26960
1501;26963
1498;26966
1496;26969
1495;26971
1493;26974
1493;26976
1493;26978
1493;26981
1495;26983
1500;26986
1501;26988
1499;26991
1496;26993
1494;26996
1493;26998
1492;27001
1492;27003
1491;27005
1491;27009
1492;27011
1499;27014
1504;27016
1503;27019
1500;27021
1495;27024
1492;27026
1491;27029
1492;27031
1491;27033
1490;27036
1489;27038
1489;27041
1489;27043
1490;27046
1491;27048
1494;27052
1498;27054
1496;27057
1494;27059
1492;27062
1491;27064
1490;27066
1489;27069
1488;27071
1488;27074
1488;27076
1490;27079
1495;27081
1496;27084
1494;27086
1491;27089
1490;27091
1489;27094
1488;27097
1488;27099
1488;27102
1490;27104
1498;27107
1503;27109
1503;27112
1501;27114
1498;27117
1495;27119
1493;27121
1492;27124
1491;27126
1492;27129
1493;27131
1493;27134
1497;27137
1501;27140
1500;27142
1498;27145
1498;27147
1496;27150
1495;27152
1494;27154
1493;27157
1493;27159
1493;27162
1493;27164
1493;27167
1494;27169
1494;27172
1494;27174
1495;27177
1495;27180
1495;27182
1495;27185
1495;27187
1495;27190
1499;27192
1511;27195
1517;27197
1516;27200
1513;27202
1506;27205
1501;27207
1498;27209
1496;27212
1497;27214
1497;27217
1497;27219
1503;27223
1503;27225
1502;27228
1503;27230
1502;27233
1500;27235
1496;27237
1494;27240
1494;27242
1494;27245
1494;27247
1496;27250
1496;27252
1495;27255
1495;27257
1495;27260
1495;27262
1496;27266
1496;27268
1496;27270
1497;27273
1501;27275
1511;27278
1520;27280
1520;27283
1513;27285
1504;27288
1498;27290
1496;27293
1495;27295
1495;27297
1495;27300
1494;27302
1494;27305
1495;27308
1497;27311
1497;27313
1497;27316
1496;27318
1497;27321
1500;27323
1502;27325
1501;27328
1500;27330
1498;27333
1496;27335
1495;27338
1495;27340
1494;27343
1494;27345
1495;27348
1497;27351
1499;27353
1499;27356
1503;27358
1509;27361
1511;27363
1508;27366
1505;27368
1500;27371
1496;27373
1493;27376
1492;27378
1491;27381
1490;27383
1490;27385
1490;27388
1490;27390
1491;27394
1492;27396
1492;27399
1494;27401
1494;27404
1493;27406
1492;27409
1491;27411
1491;27413
1491;27416
1492;27418
1494;27421
1494;27423
1495;27426
1501;27428
1506;27431
1503;27433
1498;27437
1492;27439
1489;27441
1488;27444
1488;27446
1489;27449
1491;27451
1491;27454
1492;27456
1492;27459
1492;27461
1491;27464
1491;27466
1492;27469
1493;27471
1493;27473
1493;27476
1493;27479
1493;27482
1493;27484
1496;27487
1500;27489
1501;27492
1502;27494
1501;27497
1497;27499
1494;27501
1493;27504
1492;27506
1491;27509
1493;27511
1495;27514
1495;27516
1495;27520
1494;27522
1494;27525
1493;27527
1493;27529
1493;27532
1493;27534
1494;27537
1494;27539
1498;27542
1505;27544
1505;27547
1504;27549
1503;27552
1501;27554
1499;27557
1498;27559
1497;27561
1497;27565
1497;27567
1497;27570
1501;27572
1507;27575
1506;27577
1503;27580
1500;27582
1500;27585
1499;27587
1498;27589
1498;27592
1499;27594
1500;27597
1501;27599
1503;27602
1505;27604
1506;27608
1504;27610
1502;27613
1501;27615
1500;27617
1499;27620
1499;27622
1498;27625
1499;27627
1504;27630
1507;27632
1506;27635
1503;27637
1500;27640
1497;27642
1497;27645
1497;27648
1497;27650
1497;27653
1497;27655
1498;27658
1501;27660
1505;27663
1507;27665
1506;27668
1503;27670
1501;27673
1502;27675
1503;27677
1503;27680
1502;27682
1501;27685
1499;27687
1498;27691
1496;27693
1495;27696
1494;27698
1501;27701
1505;27703
1501;27705
1497;27708
1491;27710
1489;27713
1489;27715
1489;27718
1488;27720
1488;27723
1488;27725
1488;27728
1488;27730
1489;27734
1489;27736
1489;27738
1489;27741
1490;27743
1491;27746
1490;27748
1491;27751
1491;27753
1491;27756
1490;27758
1490;27761
1490;27763
1490;27765
1491;27768
1493;27770
1498;27773
1505;27776
1507;27779
1505;27781
1502;27784
1496;27786
1492;27789
1489;27791
1488;27793
1487;27796
1487;27798
1488;27801
1493;27803
1496;27806
1493;27808
1491;27811
1489;27813
1486;27816
1486;27819
1486;27822
1486;27824
1486;27826
1487;27829
1487;27831
1487;27834
1487;27836
1487;27839
1487;27841
1488;27844
1489;27846
1489;27849
1490;27851
1491;27853
1492;27856
1493;27858
1497;27862
1503;27864
1510;27867
1511;27869
1511;27872
1509;27874
1504;27877
1499;27879
1495;27881
1492;27884
1491;27886
1490;27889
1490;27891
1490;27894
1490;27896
1491;27899
1493;27901
1494;27905
1497;27907
1496;27910
1494;27912
1493;27914
1493;27917
1495;27919
1498;27922
1499;27924
1499;27927
1497;27929
1496;27932
1495;27934
1495;27937
1495;27939
1495;27941
1495;27944
1496;27947
1500;27950
1503;27952
1506;27955
1511;27957
1509;27960
1504;27962
1500;27965
1497;27967
1496;27969
1494;27972
1493;27974
1492;27977
1491;27979
1491;27982
1490;27984
1490;27987
1491;27990
1495;27993
1497;27995
1496;27998
1495;28000
1494;28002
1493;28005
1496;28007
1500;28010
1499;28012
1498;28015
1496;28017
1494;28020
1493;28022
1492;28025
1491;28027
1490;28029
1489;28033
1488;28035
1488;28038
1493;28040
1494;28043
1491;28045
1489;28048
1487;28050
1487;28053
1487;28055
1487;28057
1487;28060
1487;28062
1487;28065
1487;28067
1487;28070
1487;28072
1487;28076
1487;28078
1486;28081
1486;28083
1487;28086
1490;28088
1492;28090
1493;28093
1493;28095
1493;28098
1492;28100
1493;28103
1493;28105
1494;28108
1496;28110
1495;28113
1495;28115
1498;28118
1500;28121
1499;28123
1497;28126
1495;28128
1493;28131
1492;28133
1492;28136
1492;28138
1494;28141
1494;28143
1494;28145
1493;28148
1493;28150
1497;28153
1502;28155
1501;28158
1498;28161
1496;28164
1497;28166
1496;28169
1496;28171
1496;28174
1495;28176
1494;28178
1495;28181
1496;28183
1496;28186
1495;28188
1496;28191
1496;28193
1496;28196
1495;28198
1496;28201
1496;28204
1496;28206
1497;28209
1499;28211
1501;28214
1503;28216
1505;28219
1507;28221
1504;28224
1502;28226
1500;28229
1499;28231
1498;28233
1496;28236
1496;28238
1496;28241
1495;28243
1496;28247
1497;28249
1497;28252
1497;28254
1498;28257
1499;28259
1501;28261
1503;28264
1503;28266
1502;28269
1500;28271
1499;28274
1498;28276
1497;28279
1497;28281
1497;28284
1497;28286
1497;28290
1498;28292
1503;28294
1510;28297
1517;28299
1516;28302
1513;28304
1510;28307
1503;28309
1500;28312
1496;28314
1493;28317
1491;28319
1490;28321
1490;28324
1490;28326
1490;28329
1490;28332
1490;28335
1490;28337
1490;28340
1491;28342
1493;28345
1494;28347
1494;28349
1494;28352
1494;28354
1494;28357
1494;28359
1494;28362
1493;28364
1492;28367
1492;28369
1491;28372
1491;28375
1493;28378
1493;28380
1494;28382
1495;28385
1497;28387
1499;28390
1499;28392
1498;28395
1498;28397
1498;28400
1497;28402
1496;28405
1496;28407
1499;28409
1498;28412
1497;28414
1497;28418
1496;28420
1494;28423
1493;28425
1491;28428
1490;28430
1490;28433
1490;28435
1489;28437
1489;28440
1489;28442
1489;28445
1488;28447
1487;28450
1486;28452
1487;28455
1489;28457
1490;28461
1490;28463
1492;28466
1494;28468
1495;28470
1495;28473
1496;28475
1496;28478
1494;28480
1494;28483
1493;28485
1494;28488
1495;28490
1500;28493
1503;28495
1505;28497
1504;28500
1500;28503
1496;28506
1493;28508
1492;28511
1492;28513
1491;28516
1490;28518
1488;28521
1487;28523
1489;28525
1489;28528
1488;28530
1487;28533
1486;28535
1485;28538
1484;28540
1484;28544
1484;28546
1484;28549
1484;28551
1487;28553
1488;28556
1488;28558
1488;28561
1487;28563
1488;28566
1490;28568
1490;28571
1490;28573
1490;28576
1490;28578
1491;28581
1492;28583
1494;28585
1496;28589
1495;28591
1495;28594
1495;28596
1496;28599
1498;28601
1500;28604
1501;28606
1505;28609
1512;28611
1511;28613
1507;28616
1503;28618
1500;28621
1497;28623
1495;28626
1494;28628
1500;28632
1506;28634
1507;28637
1505;28639
1501;28641
1497;28644
1494;28646
1493;28649
1493;28651
1493;28654
1493;28656
1492;28659
1491;28661
1490;28664
1489;28666
1489;28669
1489;28672
1489;28674
1489;28677
1489;28679
1489;28682
1490;28684
1491;28687
1493;28689
1494;28692
1491;28694
1489;28697
1489;28699
1489;28701
1488;28704
1488;28706
1490;28709
1493;28711
1493;28715
1492;28717
1491;28720
1491;28722
1490;28725
1490;28727
1490;28729
1490;28732
1489;28734
1489;28737
1488;28739
1488;28742
1488;28744
1488;28747
1489;28749
1490;28752
1496;28754
1501;28758
1500;28760
1497;28762
1495;28765
1493;28767
1491;28770
1490;28772
1490;28775
1490;28777
1490;28780
1490;28782
1490;28785
1490;28787
1491;28789
1492;28792
1493;28794
1495;28797
1497;28800
1498;28803
1497;28805
1495;28808
1493;28810
1496;28813
1500;28815
1505;28817
1508;28820
1507;28822
1504;28825
1502;28827
1501;28830
1498;28832
1494;28835
1493;28837
1492;28840
1492;28843
1493;28846
1492;28848
1498;28850
1498;28853
1497;28855
1504;28858
1507;28860
1504;28863
1501;28865
1497;28868
1494;28870
1492;28873
1490;28875
1490;28877
1489;28880
1489;28882
1490;28886
1491;28888
1492;28891
1493;28893
1492;28896
1491;28898
1490;28901
1489;28903
1489;28905
1490;28908
1489;28910
1489;28913
1489;28915
1488;28918
1489;28920
1489;28923
1489;28925
1490;28929
1490;28931
1494;28933
1496;28936
1500;28938
1500;28941
1500;28943
1499;28946
1500;28948
1498;28951
1496;28953
1495;28956
1496;28958
1502;28961
1502;28963
1500;28965
1498;28968
1495;28971
1495;28974
1501;28976
1501;28979
1499;28981
1496;28984
1494;28986
1494;28989
1494;28991
1495;28993
1497;28996
1499;28998
1502;29001
1504;29003
1504;29006
1502;29008
1499;29011
1498;29014
1497;29017
1503;29019
1509;29021
1507;29024
1505;29026
1502;29029
1500;29031
1496;29034
1493;29036
1492;29039
1490;29041
1490;29044
1490;29046
1492;29049
1494;29051
1494;29053
1494;29057
1495;29059
1495;29062
1495;29064
1495;29067
1497;29069
1501;29072
1504;29074
1504;29077
1503;29079
1501;29081
1498;29084
1496;29086
1495;29089
1494;29091
1493;29094
1496;29096
1509;29100
1516;29102
1517;29105
1512;29107
1507;29109
1500;29112
1494;29114
1490;29117
1487;29119
1485;29122
1484;29124
1486;29127
1486;29129
1485;29132
1484;29134
1482;29137
1480;29139
1479;29142
1478;29145
1478;29147
1480;29150
1482;29152
1483;29155
1483;29157
1482;29160
1483;29162
1484;29165
1484;29167
1484;29169
1484;29172
1484;29174
1482;29177
1480;29179
1479;29182
1479;29185
1483;29188
1491;29190
1496;29193
1495;29195
1493;29197
1493;29200
1491;29202
1488;29205
1490;29207
1491;29210
1489;29212
1486;29215
1485;29217
1483;29220
1483;29222
1483;29224
1483;29228
1485;29230
1487;29233
1487;29235
1486;29238
1487;29240
1489;29243
1489;29245
1488;29248
1488;29250
1490;29253
1492;29255
1496;29257
1498;29260
1497;29262
1494;29265
1493;29267
1492;29271
1492;29273
1492;29276
1498;29278
1507;29281
1510;29283
1508;29285
1505;29288
1500;29290
1496;29293
1495;29295
1495;29298
1495;29300
1505;29303
1511;29305
1510;29308
1508;29310
1505;29313
1502;29316
1500;29318
1499;29321
1499;29323
1501;29326
1504;29328
1504;29331
1502;29333
1501;29336
1499;29338
1499;29341
1499;29343
1500;29345
1502;29348
1508;29350
1510;29353
1511;29356
1510;29359
1510;29361
1509;29364
1505;29366
1504;29369
1503;29371
1503;29373
1506;29376
1507;29378
1504;29381
1499;29383
1496;29386
1493;29388
1493;29391
1492;29393
1492;29396
1493;29399
1496;29401
1497;29404
1495;29406
1493;29409
1493;29411
1493;29414
1493;29416
1493;29419
1493;29421
1493;29424
1495;29426
1499;29429
1504;29431
1510;29433
1508;29436
1503;29438
1497;29442
1493;29444
1490;29447
1488;29449
1492;29452
1498;29454
1500;29457
1499;29459
1496;29461
1492;29464
1488;29466
1486;29469
1484;29471
1483;29474
1483;29476
1486;29479
1487;29481
1486;29485
1485;29487
1484;29489
1482;29492
1482;29494
1484;29497
1488;29499
1489;29502
1487;29504
1485;29507
1483;29509
1482;29512
1482;29514
1482;29516
1483;29519
1488;29521
1493;29524
1497;29527
1495;29530
1494;29532
1492;29535
1487;29537
1512;29540
1531;29542
1562;29545
1578;29547
1587;29549
1589;29552
1583;29554
1575;29557
1569;29559
1564;29562
1560;29564
1556;29568
1553;29570
1549;29573
1547;29575
1544;29577
1540;29580
1537;29582
1534;29585
1531;29587
1529;29590
1527;29592
1531;29595
1533;29597
1530;29600
1525;29602
1522;29604
1529;29607
1524;29609
1514;29613
1507;29615
1503;29618
1502;29620
1503;29623
1501;29625
1497;29628
1493;29630
1490;29633
1488;29635
1487;29637
1486;29640
1484;29642
1483;29645
1483;29647
1482;29650
1481;29652
1480;29656
1480;29658
1479;29661
1478;29663
1479;29665
1481;29668
1482;29670
1481;29673
1479;29675
1477;29678
1476;29680
1475;29683
1474;29685
1475;29688
1476;29690
1475;29692
1478;29696
1480;29698
1480;29701
1488;29703
1491;29706
1488;29708
1484;29711
1478;29713
1474;29716
1473;29718
1472;29721
1473;29723
1475;29725
1476;29728
1477;29730
1479;29733
1481;29735
1484;29739
1488;29741
1488;29744
1485;29746
1480;29749
1477;29751
1476;29753
1475;29756
1474;29758
1474;29761
1475;29763
1482;29766
1489;29768
1489;29771
1485;29773
1482;29776
1479;29778
1478;29780
1478;29784
1478;29786
1482;29789
1490;29791
1494;29794
1492;29796
1489;29799
1483;29801
1478;29804
1477;29806
1477;29808
1477;29811
1478;29813
1478;29816
1479;29818
1481;29821
1483;29824
1483;29827
1482;29829
1481;29832
1481;29834
1482;29837
1483;29839
1484;29841
1486;29844
1488;29846
1489;29849
1492;29851
1491;29854
1491;29856
1492;29859
1495;29861
1496;29864
1492;29867
1488;29869
1485;29872
1482;29874
1482;29877
1483;29879
1484;29882
1486;29884
1489;29887
1491;29889
1493;29892
1493;29894
1490;29896
1488;29899
1486;29901
1486;29904
1487;29906
1486;29910
1486;29912
1486;29915
1487;29917
1491;29920
1500;29922
1511;29925
1513;29927
1505;29929
1497;29932
1491;29934
1487;29937
1486;29939
1485;29942
1484;29944
1484;29947
1484;29949
1484;29953
1484;29955
1485;29957
1488;29960
1492;29962
1494;29965
1495;29967
1492;29970
1490;29972
1488;29975
1487;29977
1487;29980
1488;29982
1495;29984
1500;29987
1499;29989
1495;29992
1490;29995
1488;29998
1487;30000
1486;30003
1491;30005
1503;30008
1506;30010
1506;30013
1502;30015
1495;30017
1491;30020
1490;30022
1489;30025
1487;30027
1485;30030
1485;30032
1484;30035
1483;30038
1483;30041
1483;30043
1484;30045
1484;30048
1486;30050
1489;30053
1490;30055
1492;30058
1490;30060
1489;30063
1488;30065
1487;30068
1486;30070
1486;30073
1487;30075
1486;30077
1488;30081
1489;30083
1502;30086
1516;30088
1514;30091
1509;30093
1502;30096
1494;30098
1488;30101
1485;30103
1484;30105
1484;30108
1484;30110
1485;30113
1487;30115
1487;30118
1486;30120
1485;30124
1483;30126
1484;30129
1485;30131
1485;30133
1486;30136
1488;30138
1491;30141
1491;30143
1491;30146
1491;30148
1494;30151
1494;30153
1492;30156
1491;30158
1491;30160
1496;30163
1503;30166
1507;30169
1507;30171
1506;30174
1506;30176
1504;30179
1500;30181
1494;30184
1490;30186
1488;30189
1486;30191
1486;30193
1486;30196
1490;30198
1497;30201
1502;30203
1502;30206
1498;30209
1494;30212
1492;30214
1489;30217
1488;30219
1487;30221
1486;30224
1486;30226
1486;30229
1486;30231
1491;30234
1492;30236
1493;30239
1500;30241
1500;30244
1495;30246
1494;30248
1493;30252
1490;30254
1489;30257
1492;30259
1492;30262
1491;30264
1490;30267
1490;30269
1489;30272
1489;30274
1489;30277
1490;30279
1494;30281
1494;30284
1493;30286
1494;30289
1495;30291
1495;30295
1495;30297
1494;30300
1494;30302
1492;30305
1491;30307
1491;30309
1492;30312
1506;30314
1513;30317
1509;30319
1504;30322
1499;30324
1495;30327
1493;30329
1492;30332
1491;30334
1495;30337
1499;30340
1496;30342
1492;30345
1492;30347
1495;30350
1500;30352
1503;30355
1503;30357
1500;30360
1498;30362
1495;30365
1494;30367
1493;30369
1493;30372
1495;30374
1498;30377
1500;30380
1499;30383
1500;30385
1502;30388
1501;30390
1499;30393
1498;30395
1497;30397
1496;30400
1495;30402
1495;30405
1494;30407
1494;30410
1497;30412
1497;30415
1498;30417
1499;30420
1499;30423
1497;30425
1495;30428
1498;30430
1501;30433
1503;30435
1502;30438
1499;30440
1496;30443
1495;30445
1494;30448
1494;30450
1497;30452
1502;30455
1503;30457
1505;30460
1504;30462
1507;30466
1504;30468
1500;30471
1498;30473
1496;30476
1495;30478
1493;30481
1492;30483
1495;30485
1500;30488
1500;30490
1498;30493
1497;30495
1496;30498
1495;30500
1495;30503
1498;30505
1502;30509
1504;30511
1505;30513
1508;30516
1507;30518
1502;30521
1499;30523
1495;30526
1494;30528
1492;30531
1491;30533
1491;30536
1492;30538
1498;30540
1498;30543
1497;30545
1496;30548
1493;30551
1491;30554
1491;30556
1491;30559
1494;30561
1498;30564
1500;30566
1498;30569
1497;30571
1496;30573
1495;30576
1495;30578
1496;30581
1500;30583
1505;30586
1504;30588
1501;30592
1498;30594
1497;30597
1496;30599
1495;30601
1494;30604
1494;30606
1495;30609
1496;30611
1501;30614
1506;30616
1507;30619
1503;30621
1500;30624
1503;30626
1503;30628
1502;30631
1500;30633
1497;30637
1496;30639
1495;30642
1498;30644
1498;30647
1497;30649
1500;30652
1504;30654
1503;30657
1499;30659
1495;30661
1492;30664
1491;30666
1489;30669
1488;30671
1488;30674
1487;30676
1488;30680
1489;30682
1489;30685
1489;30687
1490;30689
1490;30692
1492;30694
1494;30697
1497;30699
1500;30702
1504;30704
1504;30707
1500;30709
1496;30712
1493;30714
1492;30716
1492;30720
1497;30722
1503;30725
1503;30727
1500;30730
1498;30732
1497;30735
1495;30737
1496;30740
1499;30742
1498;30745
1498;30747
1496;30749
1495;30752
1494;30754
1496;30757
1496;30759
1495;30763
1496;30765
1496;30768
1497;30770
1498;30773
1499;30775
1504;30777
1509;30780
1510;30782
1510;30785
1507;30787
1505;30790
1503;30792
1504;30795
1508;30797
1517;30800
1518;30802
1514;30804
1510;30808
1506;30810
1503;30813
1501;30815
1500;30818
1500;30820
1500;30823
1501;30825
1502;30828
1503;30830
1505;30833
1508;30835
1510;30837
1511;30840
1511;30842
1510;30845
1507;30848
1505;30851
1503;30853
1503;30856
1503;30858
1503;30861
1503;30863
1502;30865
1501;30868
1501;30870
1501;30873
1502;30875
1503;30878
1504;30880
1509;30883
1517;30885
1516;30888
1514;30891
1510;30893
1508;30896
1506;30898
1505;30901
1504;30903
1505;30906
1512;30908
1522;30911
1522;30913
1518;30916
1511;30918
1506;30920
1502;30923
1500;30925
1498;30928
1497;30930
1497;30934
1499;30936
1500;30939
1500;30941
1502;30944
1512;30946
1519;30949
1517;30951
1514;30953
1509;30956
1506;30958
1503;30961
1502;30963
1502;30966
1501;30968
1501;30971
1501;30973
1502;30977
1504;30979
1504;30981
1507;30984
1514;30986
1515;30989
1511;30991
1505;30994
1502;30996
1502;30999
1501;31001
1501;31004
1501;31006
1502;31008
1502;31011
1502;31013
1503;31016
1503;31019
1503;31022
1504;31024
1504;31027
1504;31029
1507;31032
1510;31034
1513;31037
1512;31039
1511;31041
1511;31044
1509;31046
1508;31049
1510;31051
1512;31054
1510;31056
1509;31059
1515;31062
1515;31065
1511;31067
1506;31069
1503;31072
1501;31074
1499;31077
1498;31079
1498;31082
1497;31084
1497;31087
1498;31089
1500;31092
1502;31094
1501;31096
1499;31099
1498;31101
1499;31105
1498;31107
1498;31110
1499;31112
1500;31115
1502;31117
1504;31120
1504;31122
1503;31124
1503;31127
1504;31129
1509;31132
1511;31134
1511;31137
1512;31139
1511;31142
1506;31144
1502;31148
1500;31150
1499;31153
1497;31155
1497;31157
1497;31160
1497;31162
1497;31165
1497;31167
1497;31170
1497;31172
1498;31175
1501;31177
1503;31180
1504;31182
1505;31184
1505;31187
1503;31190
1501;31193
1500;31195
1501;31198
1512;31200
1515;31203
1512;31205
1506;31208
1501;31210
1497;31212
1496;31215
1495;31217
1494;31220
1494;31222
1495;31225
1500;31227
1500;31230
1499;31233
1497;31236
1496;31238
1495;31241
1495;31243
1495;31245
1496;31248
1497;31250
1497;31253
1498;31255
1500;31258
1503;31260
1503;31263
1503;31265
1502;31268
1502;31270
1507;31272
1511;31276
1511;31278
1507;31281
1502;31283
1498;31286
1495;31288
1494;31291
1493;31293
1492;31296
1491;31298
1491;31300
1492;31303
1493;31305
1493;31308
1493;31310
1494;31313
1494;31315
1498;31319
1500;31321
1498;31324
1498;31326
1499;31329
1498;31331
1495;31333
1493;31336
1492;31338
1492;31341
1493;31343
1493;31346
1493;31348
1493;31351
1494;31353
1494;31356
1494;31358
1494;31361
1497;31364
1498;31366
1496;31369
1495;31371
1494;31374
1493;31376
1492;31379
1492;31381
1496;31384
1498;31386
1502;31388
1505;31391
1501;31393
1498;31396
1494;31398
1491;31401
1489;31404
1489;31407
1490;31409
1492;31412
1494;31414
1493;31417
1493;31419
1493;31421
1494;31424
1494;31426
1495;31429
1494;31431
1493;31434
1492;31436
1491;31439
1490;31441
1490;31444
1490;31447
1490;31449
1489;31452
1489;31454
1489;31457
1489;31459
1490;31462
1493;31464
1493;31467
1492;31469
1492;31472
1492;31474
1497;31476
1500;31479
1497;31481
1496;31484
1494;31486
1493;31490
1493;31492
1493;31495
1492;31497
1492;31500
1492;31502
1493;31505
1495;31507
1495;31509
1495;31512
1493;31514
1492;31517
1490;31519
1489;31522
1489;31524
1488;31527
1488;31529
1488;31533
1488;31535
1488;31537
1489;31540
1489;31542
1489;31545
1489;31547
1490;31550
1490;31552
1490;31555
1490;31557
1490;31560
1491;31562
1491;31564
1491;31567
1493;31569
1494;31572
1497;31575
1497;31578
1497;31580
1498;31583
1503;31585
1502;31588
1497;31590
1494;31593
1491;31595
1491;31597
1493;31600
1495;31602
1494;31605
1494;31607
1492;31610
1490;31612
1488;31616
1487;31618
1488;31621
1490;31623
1490;31625
1490;31628
1490;31630
1490;31633
1489;31635
1489;31638
1489;31640
1488;31643
1488;31645
1490;31648
1495;31650
1498;31652
1496;31655
1493;31657
1490;31661
1489;31663
1489;31666
1490;31668
1489;31671
1489;31673
1490;31676
1490;31678
1490;31681
1490;31683
1492;31685
1501;31688
1502;31690
1499;31693
1498;31695
1498;31698
1496;31700
1494;31704
1493;31706
1494;31709
1498;31711
1499;31713
1498;31716
1497;31718
1495;31721
1494;31723
1494;31726
1494;31728
1494;31731
1493;31733
1494;31736
1496;31738
1499;31740
1499;31744
1497;31746
1495;31749
1494;31751
1494;31754
1493;31756
1493;31759
1493;31761
1492;31764
1492;31766
1492;31769
1492;31771
1493;31773
1494;31776
1494;31778
1495;31781
1496;31783
1497;31787
1497;31789
1496;31792
1502;31794
1503;31797
1500;31799
1496;31801
1494;31804
1494;31806
1496;31809
1496;31811
1495;31814
1494;31816
1493;31819
1491;31821
1491;31824
1491;31826
1490;31828
1490;31832
1490;31834
1490;31837
1491;31839
1494;31842
1496;31844
1498;31847
1497;31849
1496;31852
1494;31854
1492;31857
1490;31859
1490;31861
1491;31864
1491;31866
1490;31869
1490;31872
1492;31875
1497;31877
1499;31880
1496;31882
1493;31885
1491;31887
1489;31889
1488;31892
1487;31894
1488;31897
1488;31899
1487;31902
1487;31904
1487;31907
1487;31909
1488;31912
1497;31915
1504;31917
1505;31920
1503;31922
1499;31925
1494;31927
1491;31930
1490;31932
1489;31935
1489;31937
1489;31940
1490;31942
1490;31945
1490;31947
1490;31949
1491;31952
1492;31954
1492;31958
1493;31960
1493;31963
1494;31965
1495;31968
1496;31970
1498;31973
1499;31975
1500;31977
1505;31980
1510;31982
1508;31985
1506;31987
1503;31990
1503;31992
1502;31995
1502;31997
1501;32001
1503;32003
1501;32005
1499;32008
1497;32010
1496;32013
1495;32015
1494;32018
1494;32020
1494;32023
1495;32025
1495;32028
1498;32030
1501;32033
1502;32035
1501;32037
1500;32040
1499;32043
1498;32046
1498;32048
1499;32051
1499;32053
1499;32056
1499;32058
1499;32061
1499;32063
1498;32065
1498;32068
1498;32070
1498;32073
1499;32075
1500;32078
1503;32080
1508;32083
1509;32086
1509;32089
1506;32091
1505;32093
1503;32096
1504;32098
1502;32101
1500;32103
1499;32106
1498;32108
1497;32111
1496;32113
1496;32116
1495;32118
1496;32120
1498;32123
1499;32125
1500;32129
1501;32131
1501;32134
1499;32136
1497;32139
1495;32141
1494;32144
1494;32146
1495;32149
1497;32151
1504;32153
1508;32156
1507;32158
1505;32161
1502;32163
1500;32166
1497;32168
1495;32172
1494;32174
1493;32177
1492;32179
1492;32181
1493;32184
1493;32186
1493;32189
1493;32191
1493;32194
1493;32196
1495;32199
1498;32201
1499;32204
1499;32206
1497;32208
1496;32211
1495;32214
1495;32217
1495;32219
1495;32222
1496;32224
1498;32227
1500;32229
1506;32232
1514;32234
1515;32237
1510;32239
1505;32241
1501;32244
1498;32246
1496;32249
1494;32251
1493;32254
1493;32257
1493;32260
1494;32262
1494;32265
1493;32267
1492;32269
1492;32272
1493;32274
1494;32277
1494;32279
1495;32282
1495;32284
1496;32287
1497;32289
1498;32292
1498;32294
1499;32296
1499;32300
1501;32302
1502;32305
1504;32307
1505;32310
1504;32312
1503;32315
1501;32317
1500;32320
1498;32322
1497;32324
1496;32327
1496;32329
1497;32332
1499;32334
1503;32337
1508;32339
1512;32343
1510;32345
1506;32348
1501;32350
1498;32353
1496;32355
1495;32357
1495;32360
1494;32362
1494;32365
1494;32367
1494;32370
1494;32372
1494;32375
1494;32377
1494;32380
1495;32382
1495;32385
1497;32388
1502;32390
1505;32393
1504;32395
1502;32398
1498;32400
1496;32403
1494;32405
1493;32408
1493;32410
1493;32412
1493;32415
1494;32417
1493;32420
1492;32422
1491;32425
1492;32428
1493;32431
1494;32433
1496;32436
1501;32438
1503;32440
1504;32443
1504;32445
1502;32448
1501;32450
1499;32453
1497;32455
1496;32458
1495;32460
1494;32463
1494;32465
1494;32468
1495;32471
1495;32473
1498;32476
1505;32478
1506;32481
1504;32483
1501;32486
1497;32488
1494;32491
1493;32493
1491;32496
1490;32498
1490;32500
1490;32503
1491;32505
1492;32508
1492;32510
1492;32514
1493;32516
1495;32519
1495;32521
1495;32524
1496;32526
1499;32528
1508;32531
1510;32533
1506;32536
1503;32538
1499;32541
1497;32543
1495;32546
1493;32548
1492;32551
1492;32553
1492;32557
1493;32559
1495;32561
1496;32564
1497;32566
1496;32569
1495;32571
1494;32574
1493;32576
1492;32579
1491;32581
1491;32584
1491;32586
1491;32588
1492;32591
1492;32593
1492;32596
1492;32599
1492;32602
1492;32604
1492;32607
1493;32609
1494;32612
1499;32614
1502;32616
1500;32619
1498;32621
1496;32624
1494;32626
1493;32629
1493;32631
1492;32634
1493;32636
1496;32640
1496;32642
1495;32645
1498;32647
1505;32649
1507;32652
1506;32654
1504;32657
1500;32659
1497;32662
1495;32664
1493;32667
1492;32669
1492;32672
1492;32674
1491;32676
1491;32679
1492;32681
1493;32685
1493;32687
1493;32690
1492;32692
1491;32695
1492;32697
1491;32700
1491;32702
1491;32704
1492;32707
1493;32709
1493;32712
1493;32714
1493;32717
1492;32719
1492;32722
1492;32724
1494;32728
1498;32730
1499;32732
1498;32735
1498;32737
1496;32740
1494;32742
1493;32745
1494;32747
1495;32750
1494;32752
1494;32755
1493;32757
1492;32760
1492;32762
1496;32764
1495;32768
1493;32770
1492;32773
1492;32775
1493;32778
1492;32780
1491;32783
1491;32785
1491;32788
1491;32790
1490;32792
1490;32795
1490;32797
1493;32800
1493;32802
1494;32805
1495;32807
1493;32811
1490;32813
1489;32816
1488;32818
1488;32820
1488;32823
1488;32825
1489;32828
1491;32830
1492;32833
1496;32835
1496;32838
1494;32840
1491;32843
1490;32845
1489;32848
1488;32850
1488;32852
1488;32856
1488;32858
1489;32861
1497;32863
1500;32866
1498;32868
1495;32871
1492;32873
1489;32876
1487;32878
1486;32880
1486;32883
1489;32885
1493;32888
1493;32890
1492;32893
1490;32896
1487;32899
1485;32901
1485;32904
1487;32906
1488;32908
1486;32911
1485;32913
1484;32916
1485;32918
1485;32921
1485;32923
1485;32926
1485;32928
1485;32931
1486;32933
1486;32936
1487;32939
1488;32941
1488;32944
1489;32946
1490;32949
1490;32951
1491;32954
1492;32956
1492;32959
1493;32961
1499;32964
1503;32966
1504;32968
1501;32971
1497;32973
1494;32976
1490;32978
1490;32982
1490;32984
1489;32987
1489;32989
1490;32992
1490;32994
1491;32996
1494;32999
1495;33001
1496;33004
1498;33006
1497;33009
1496;33011
1495;33014
1494;33016
1493;33019
1494;33021
1492;33024
1491;33027
1491;33029
1491;33032
1491;33034
1491;33037
1492;33039
1492;33042
1492;33044
1493;33047
1494;33049
1496;33052
1496;33054
1497;33056
1497;33059
1497;33061
1497;33064
1497;33067
1499;33070
1498;33072
1497;33075
1496;33077
1495;33080
1494;33082
1493;33084
1493;33087
1493;33089
1494;33092
1495;33094
1496;33097
1497;33099
1500;33102
1505;33104
1504;33107
1501;33110
1498;33112
1496;33115
1495;33117
1494;33120
1494;33122
1494;33125
1496;33127
1498;33130
1500;33132
1500;33135
1499;33137
1497;33140
1496;33142
1495;33144
1495;33147
1494;33149
1494;33153
1493;33155
1493;33158
1493;33160
1494;33163
1494;33165
1495;33168
1497;33170
1498;33172
1497;33175
1496;33177
1495;33180
1495;33182
1495;33185
1494;33187
1494;33190
1495;33192
1496;33196
1497;33198
1497;33200
1498;33203
1500;33205
1502;33208
1507;33210
1511;33213
1512;33215
1510;33218
1507;33220
1504;33223
1502;33225
1500;33228
1498;33230
1498;33232
1498;33235
1498;33238
1499;33241
1500;33243
1500;33246
1499;33248
1498;33251
1496;33253
1496;33256
1497;33258
1497;33260
1497;33263
1496;33265
1495;33268
1494;33270
1494;33273
1496;33275
1496;33278
1497;33281
1497;33284
1498;33286
1500;33288
1502;33291
1504;33293
1506;33296
1511;33298
1511;33301
1508;33303
1505;33306
1502;33308
1500;33311
1497;33313
1497;33316
1500;33318
1501;33320
1500;33324
1500;33326
1499;33329
1496;33331
1496;33334
1497;33336
1498;33339
1497;33341
1500;33344
1498;33346
1497;33348
1496;33351
1496;33353
1495;33356
1495;33358
1494;33361
1494;33363
1493;33367
1493;33369
1493;33372
1493;33374
1494;33376
1494;33379
1494;33381
1495;33384
1494;33386
1494;33389
1495;33391
1495;33394
1495;33396
1495;33399
1495;33401
1495;33404
1497;33406
1500;33409
1503;33412
1502;33414
1501;33417
1503;33419
1505;33422
1504;33424
1502;33427
1500;33429
1497;33432
1495;33434
1496;33436
1499;33439
1500;33441
1499;33444
1498;33446
1496;33449
1493;33452
1492;33455
1492;33457
1492;33460
1492;33462
1492;33464
1492;33467
1492;33469
1493;33472
1493;33474
1493;33477
1493;33479
1493;33482
1493;33484
1494;33487
1496;33489
1498;33491
1502;33495
1502;33497
1501;33500
1500;33502
1497;33505
1496;33507
1494;33510
1493;33512
1493;33515
1495;33517
1499;33519
1500;33522
1503;33524
1503;33527
1500;33529
1497;33532
1494;33534
1492;33538
1491;33540
1490;33543
1490;33545
1490;33548
1489;33550
1489;33552
1489;33555
1489;33557
1490;33560
1489;33562
1490;33565
1490;33567
1490;33570
1490;33572
1491;33575
1490;33577
1490;33580
1489;33583
1490;33585
1491;33588
1492;33590
1492;33593
1493;33595
1493;33598
1497;33600
1505;33603
1505;33605
1503;33607
1501;33610
1499;33612
1497;33615
1497;33617
1496;33620
1496;33623
1496;33626
1497;33628
1501;33631
1505;33633
1504;33635
1502;33638
1499;33640
1496;33643
1494;33645
1493;33648
1493;33650
1493;33653
1494;33655
1495;33658
1495;33660
1495;33664
1495;33666
1495;33668
1495;33671
1495;33673
1495;33676
1496;33678
1496;33681
1496;33683
1496;33686
1497;33688
1498;33691
1497;33693
1496;33695
1500;33698
1502;33700
1502;33703
1504;33705
1504;33709
1501;33711
1498;33714
1495;33716
1494;33719
1496;33721
1498;33723
1499;33726
1501;33728
1503;33731
1502;33733
1499;33736
1495;33738
1493;33741
1492;33743
1491;33746
1491;33748
1491;33752
1493;33754
1495;33756
1494;33759
1493;33761
1492;33764
1491;33766
1493;33769
1494;33771
1494;33774
1497;33776
1497;33779
1495;33781
1494;33783
1493;33786
1492;33788
1492;33792
1492;33794
1492;33797
1493;33799
1499;33802
1506;33804
1507;33807
1504;33809
1499;33811
1496;33814
1494;33816
1493;33819
1492;33821
1492;33824
1492;33826
1491;33829
1492;33831
1493;33835
1492;33837
1492;33840
1494;33842
1496;33844
1498;33847
1499;33849
1500;33852
1499;33854
1498;33857
1497;33859
1496;33862
1496;33864
1500;33867
1500;33869
1499;33871
1497;33874
1495;33876
1494;33880
1493;33882
1493;33885
1492;33887
1492;33890
1493;33892
1495;33895
1499;33897
1507;33899
1505;33902
1501;33904
1499;33907
1496;33909
1494;33912
1493;33914
1492;33917
1492;33920
1492;33923
1495;33925
1497;33928
1497;33930
1496;33932
1495;33935
1494;33937
1492;33940
1491;33942
1490;33945
1490;33947
1492;33950
1495;33952
1495;33955
1493;33957
1491;33959
1490;33963
1489;33965
1489;33968
1488;33970
1489;33973
1490;33975
1490;33978
1490;33980
1491;33983
1492;33985
1493;33987
1496;33990
1497;33992
1504;33995
1507;33997
1503;34000
1501;34002
1498;34006
1496;34008
1494;34011
1491;34013
1489;34016
1488;34018
1488;34020
1488;34023
1487;34025
1488;34028
1488;34030
1489;34033
1489;34035
1493;34038
1495;34040
1495;34043
1494;34045
1493;34048
1492;34051
1491;34053
1491;34056
1491;34058
1491;34061
1491;34063
1492;34066
1493;34068
1494;34071
1496;34073
1497;34075
1496;34078
1495;34080
1496;34083
1496;34085
1497;34088
1497;34091
1496;34094
1497;34096
1498;34099
1499;34101
1497;34103
1494;34106
1492;34108
1494;34111
1494;34113
1495;34116
1495;34118
1494;34121
1494;34123
1494;34126
1494;34128
1494;34131
1494;34134
1494;34136
1494;34139
1494;34141
1494;34144
1495;34146
1495;34149
1495;34151
1495;34154
1496;34156
1497;34159
1499;34161
1500;34163
1499;34166
1497;34168
1496;34171
1496;34173
1496;34177
1497;34179
1497;34182
1498;34184
1498;34187
1498;34189
1498;34191
1499;34194
1498;34196
1497;34199
1497;34201
1497;34204
1499;34206
1500;34209
1499;34211
1498;34214
1496;34216
1495;34220
1495;34222
1495;34224
1495;34227
1495;34229
1497;34232
1502;34234
1504;34237
1503;34239
1503;34242
1502;34244
1502;34247
1501;34249
1499;34251
1497;34254
1496;34256
1496;34259
1495;34262
1494;34265
1493;34267
1493;34270
1493;34272
1493;34275
1493;34277
1492;34279
1493;34282
1493;34284
1493;34287
1493;34289
1493;34292
1492;34294
1492;34297
1492;34299
1493;34302
1496;34305
1497;34307
1498;34310
1498;34312
1502;34315
1505;34317
1503;34320
1499;34322
1496;34325
1494;34327
1493;34330
1492;34332
1492;34335
1492;34337
1493;34339
1493;34342
1493;34344
1493;34348
1493;34350
1492;34353
1491;34355
1491;34358
1492;34360
1492;34363
1494;34365
1495;34367
1492;34370
1491;34372
1491;34375
1490;34377
1491;34380
1492;34382
1494;34385
1494;34387
1494;34391
1495;34393
1499;34395
1501;34398
1505;34400
1509;34403
1509;34405
1506;34408
1502;34410
1501;34413
1498;34415
1496;34418
1494;34420
1493;34422
1492;34425
1492;34427
1491;34430
1492;34433
1492;34436
1492;34438
1493;34441
1494;34443
1495;34446
1497;34448
1497;34451
1496;34453
1494;34455
1492;34458
1492;34460
1491;34463
1491;34465
1491;34468
1492;34470
1492;34473
1492;34476
1491;34479
1491;34481
1491;34483
1492;34486
1497;34488
1497;34491
1498;34493
1499;34496
1499;34498
1499;34501
1497;34503
1495;34506
1493;34508
1492;34510
1491;34513
1490;34515
1489;34519
1489;34521
1489;34524
1491;34526
1491;34529
1489;34531
1488;34534
1488;34536
1488;34539
1488;34541
1491;34543
1492;34546
1493;34548
1493;34551
1494;34553
1494;34556
1492;34558
1491;34562
1490;34564
1489;34567
1489;34569
1490;34571
1490;34574
1489;34576
1488;34579
1488;34581
1488;34584
1488;34586
1488;34589
1489;34591
1495;34594
1502;34596
1501;34598
1498;34601
1495;34604
1493;34607
1491;34609
1489;34612
1490;34614
1492;34617
1494;34619
1494;34622
1492;34624
1490;34627
1488;34629
1487;34631
1487;34634
1488;34636
1488;34639
1488;34641
1488;34644
1489;34647
1489;34650
1488;34652
1488;34655
1488;34657
1489;34659
1489;34662
1489;34664
1488;34667
1489;34669
1489;34672
1489;34674
1489;34677
1489;34679
1489;34682
1490;34684
1493;34686
1500;34690
1506;34692
1506;34695
1501;34697
1497;34700
1494;34702
1493;34705
1493;34707
1491;34710
1489;34712
1488;34715
1487;34717
1487;34719
1487;34722
1488;34724
1487;34727
1487;34729
1488;34733
1488;34735
1489;34738
1489;34740
1492;34743
1493;34745
1493;34747
1493;34750
1493;34752
1491;34755
1490;34757
1489;34760
1489;34762
1490;34765
1490;34767
1489;34770
1489;34772
1489;34775
1489;34778
1495;34780
1497;34783
1497;34785
1500;34788
1498;34790
1496;34793
1493;34795
1492;34798
1490;34800
1490;34803
1489;34805
1489;34807
1493;34810
1495;34812
1494;34816
1493;34818
1492;34821
1492;34823
1491;34826
1491;34828
1489;34831
1488;34833
1488;34835
1488;34838
1490;34840
1490;34843
1491;34845
1493;34848
1494;34850
1495;34853
1494;34855
1493;34859
1492;34861
1491;34863
1491;34866
1494;34868
1497;34871
1497;34873
1495;34876
1495;34878
1497;34881
1497;34883
1495;34886
1494;34888
1493;34890
1493;34893
1493;34895
1492;34898
1492;34900
1492;34904
1493;34906
1494;34909
1495;34911
1495;34914
1496;34916
1495;34919
1494;34921
1495;34923
1495;34926
1495;34928
1495;34931
1496;34933
1501;34936
1503;34938
1502;34941
1501;34944
1499;34947
1497;34949
1496;34951
1495;34954
1495;34956
1498;34959
1499;34961
1498;34964
1500;34966
1501;34969
1500;34971
1500;34974
1499;34976
1497;34978
1494;34981
1494;34983
1493;34987
1493;34989
1492;34992
1492;34994
1492;34997
1492;34999
1493;35002
1493;35004
1493;35007
1493;35009
1494;35011
1496;35014
1497;35016
1498;35019
1498;35021
1497;35024
1496;35026
1495;35030
1495;35032
1495;35035
1496;35037
1500;35039
1506;35042
1505;35044
1501;35047
1500;35049
1499;35052
1497;35054
1496;35057
1495;35059
1493;35062
1493;35064
1492;35066
1493;35069
1494;35072
1495;35075
1494;35077
1494;35080
1495;35082
1495;35085
1496;35087
1496;35090
1496;35092
1497;35095
1497;35097
1496;35099
1496;35102
1496;35104
1495;35107
1495;35109
1496;35112
1497;35115
1498;35118
1498;35120
1499;35123
1498;35125
1497;35127
1495;35130
1494;35132
1493;35135
1493;35137
1493;35140
1493;35142
1495;35145
1497;35147
1502;35150
1502;35152
1499;35154
1498;35158
1496;35160
1494;35163
1493;35165
1493;35168
1493;35170
1493;35173
1493;35175
1494;35178
1495;35180
1496;35183
1498;35185
1499;35187
1498;35190
1497;35192
1496;35195
1495;35197
1494;35201
1495;35203
1496;35206
1496;35208
1495;35211
1494;35213
1491;35215
1491;35218
1491;35220
1493;35223
1494;35225
1492;35228
1490;35230
1490;35233
1489;35235
1488;35238
1488;35240
1489;35243
1488;35246
1488;35248
1488;35251
1489;35253
1493;35256
1500;35258
1505;35261
1503;35263
1500;35266
1496;35268
1493;35271
1490;35273
1489;35275
1488;35278
1487;35280
1487;35283
1487;35286
1487;35289
1487;35291
1488;35294
1489;35296
1489;35299
1489;35301
1490;35303
1490;35306
1491;35308
1493;35311
1494;35313
1493;35316
1493;35318
1494;35321
1493;35323
1492;35326
1494;35329
1493;35331
1491;35334
1488;35336
1487;35339
1486;35341
1486;35344
1486;35346
1486;35349
1487;35351
1491;35354
1492;35356
1494;35358
1494;35361
1495;35363
1493;35366
1492;35368
1490;35372
1491;35374
1491;35377
1491;35379
1492;35382
1492;35384
1492;35387
1494;35389
1494;35391
1492;35394
1491;35396
1490;35399
1490;35401
1491;35404
1491;35406
1494;35409
1499;35411
1500;35415
1498;35417
1495;35419
1492;35422
1490;35424
1490;35427
1490;35429
1489;35432
1489;35434
1490;35437
1492;35439
1492;35442
1491;35444
1491;35446
1492;35449
1494;35451
1496;35454
1497;35457
1498;35460
1498;35462
1496;35465
1495;35467
1493;35470
1493;35472
1493;35475
1494;35477
1494;35479
1493;35482
1493;35484
1493;35487
1493;35489
1492;35492
1492;35494
1492;35497
1492;35500
1492;35503
1492;35505
1494;35507
1497;35510
1499;35512
1505;35515
1507;35517
1507;35520
1502;35522
1498;35525
1494;35527
1492;35530
1491;35532
1492;35534
1492;35537
1491;35539
1490;35543
1491;35545
1491;35548
1490;35550
1489;35553
1489;35555
1489;35558
1489;35560
1489;35563
1489;35565
1490;35567
1490;35570
1491;35572
1493;35575
1499;35577
1503;35580
1503;35582
1502;35586
1500;35588
1497;35591
1501;35593
1501;35595
1496;35598
1492;35600
1490;35603
1489;35605
1488;35608
1488;35610
1488;35613
1491;35615
1492;35618
1492;35620
1491;35622
1489;35625
1488;35628
1488;35631
1488;35633
1489;35636
1489;35638
1490;35641
1490;35643
1490;35646
1490;35648
1490;35650
1490;35653
1490;35655
1491;35658
1492;35660
1495;35663
1504;35665
1509;35668
1508;35671
1504;35674
1497;35676
1493;35679
1490;35681
1489;35683
1488;35686
1487;35688
1489;35691
1490;35693
1493;35696
1498;35698
1496;35701
1494;35703
1492;35706
1490;35708
1488;35710
1487;35714
1487;35716
1487;35719
1488;35721
1489;35724
1489;35726
1489;35729
1490;35731
1490;35734
1491;35736
1491;35738
1491;35741
1492;35743
1493;35746
1496;35748
1498;35751
1497;35753
1495;35757
1495;35759
1498;35762
1500;35764
1498;35767
1496;35769
1496;35771
1499;35774
1500;35776
1502;35779
1502;35781
1498;35784
1495;35786
1498;35789
1497;35791
1494;35794
1492;35796
1491;35799
1491;35802
1490;35804
1490;35807
1490;35809
1491;35812
1492;35814
1492;35817
1492;35819
1492;35822
1492;35824
1493;35826
1493;35829
1496;35831
1499;35834
1498;35836
1497;35840
1496;35842
1494;35845
1494;35847
1494;35850
1494;35852
1494;35854
1494;35857
1494;35859
1493;35862
1493;35864
1494;35867
1497;35869
1502;35872
1504;35874
1503;35877
1501;35879
1499;35883
1497;35885
1497;35887
1496;35890
1495;35892
1494;35895
1494;35897
1496;35900
1498;35902
1499;35905
1498;35907
1497;35910
1495;35912
1494;35914
1493;35917
1493;35919
1493;35922
1493;35924
1493;35928
1494;35930
1494;35933
1496;35935
1495;35938
1496;35940
1497;35942
1496;35945
1496;35947
1498;35950
1501;35952
1500;35955
1500;35957
1498;35960
1497;35962
1500;35965
1500;35968
1500;35971
1502;35973
1503;35975
1503;35978
1501;35980
1499;35983
1497;35985
1496;35988
1496;35990
1495;35993
1495;35995
1495;35998
1496;36000
1498;36002
1503;36005
1509;36007
1511;36011
1508;36013
1503;36016
1500;36018
1498;36021
1497;36023
1496;36026
1496;36028
1500;36030
1505;36033
1504;36035
1500;36038
1497;36040
1495;36043
1494;36045
1494;36048
1495;36050
1497;36054
1497;36056
1500;36058
1500;36061
1498;36063
1498;36066
1498;36068
1498;36071
1498;36073
1499;36076
1499;36078
1496;36081
1494;36083
1494;36086
1492;36088
1491;36090
1491;36093
1493;36096
1493;36099
1493;36101
1493;36104
1492;36106
1493;36109
1492;36111
1491;36114
1490;36116
1490;36118
1492;36121
1500;36123
1504;36126
1504;36128
1501;36131
1496;36133
1492;36136
1489;36139
1488;36142
1487;36144
1489;36146
1491;36149
1492;36151
1492;36154
1491;36156
1491;36159
1492;36161
1491;36164
1489;36166
1489;36169
1488;36171
1488;36174
1491;36176
1493;36178
1495;36182
1496;36184
1497;36187
1497;36189
1498;36192
1497;36194
1494;36197
1491;36199
1490;36202
1491;36204
1491;36206
1492;36209
1493;36211
1498;36214
1498;36216
1497;36219
1495;36221
1492;36225
1489;36227
1487;36230
1485;36232
1484;36234
1484;36237
1485;36239
1490;36242
1492;36244
1490;36247
1489;36249
1489;36252
1488;36254
1487;36257
1487;36259
1491;36262
1498;36264
1505;36267
1506;36270
1503;36272
1499;36275
1495;36277
1493;36280
1490;36282
1488;36285
1486;36287
1484;36290
1484;36292
1485;36294
1486;36297
1486;36299
1485;36302
1486;36304
1487;36307
1486;36310
1487;36313
1487;36315
1486;36318
1486;36320
1487;36322
1488;36325
1488;36327
1488;36330
1489;36332
1495;36335
1498;36337
1502;36340
1505;36342
1503;36345
1501;36347
1495;36350
1490;36353
1487;36355
1486;36358
1484;36360
1485;36363
1495;36365
1498;36368
1496;36370
1496;36373
1492;36375
1488;36378
1486;36380
1486;36382
1485;36385
1484;36387
1484;36390
1486;36392
1489;36396
1489;36398
1487;36401
1489;36403
1492;36406
1492;36408
1489;36410
1486;36413
1485;36415
1484;36418
1483;36420
1483;36423
1484;36425
1486;36428
1487;36430
1487;36433
1488;36435
1488;36439
1489;36441
1489;36443
1490;36446
1491;36448
1489;36451
1487;36453
1485;36456
1484;36458
1483;36461
1485;36463
1485;36466
1487;36468
1490;36470
1490;36473
1488;36475
1487;36478
1487;36481
1487;36484
1487;36486
1489;36489
1487;36491
1483;36494
1482;36496
1482;36498
1481;36501
1481;36503
1481;36506
1481;36508
1483;36511
1487;36513
1489;36516
1492;36518
1493;36521
1493;36524
1495;36526
1495;36529
1492;36531
1488;36534
1486;36536
1486;36539
1486;36541
1485;36544
1487;36546
1486;36549
1485;36551
1487;36554
1493;36556
1494;36558
1491;36561
1489;36563
1486;36567
1485;36569
1486;36572
1489;36574
1490;36577
1489;36579
1489;36582
1492;36584
1492;36586
1490;36589
1488;36591
1487;36594
1489;36596
1493;36599
1496;36601
1498;36604
1497;36606
1494;36610
1491;36612
1492;36614
1493;36617
1495;36619
1494;36622
1492;36624
1493;36627
1493;36629
1492;36632
1495;36634
1497;36637
1498;36639
1498;36642
1496;36644
1493;36646
1492;36649
1494;36652
1493;36655
1492;36657
1494;36660
1497;36662
1499;36665
1498;36667
1497;36670
1500;36672
1504;36674
1506;36677
1506;36679
1515;36682
1524;36684
1520;36687
1512;36689
1505;36692
1497;36695
1494;36698
1491;36700
1490;36702
1490;36705
1490;36707
1492;36710
1498;36712
1501;36715
1503;36717
1503;36720
1499;36722
1496;36725
1493;36727
1493;36730
1493;36732
1493;36734
1494;36738
1502;36740
1514;36743
1546;36745
1558;36748
1544;36750
1533;36753
1522;36755
1512;36758
1505;36760
1501;36762
1497;36765
1495;36767
1494;36770
1496;36772
1501;36775
1522;36777
1535;36781
1531;36783
1522;36786
1511;36788
1503;36790
1500;36793
1498;36795
1497;36798
1497;36800
1501;36803
1507;36805
1504;36808
1499;36810
1493;36813
1488;36815
1486;36818
1486;36820
1486;36823
1488;36826
1492;36828
1507;36831
1509;36833
1506;36836
1502;36838
1497;36841
1491;36843
1488;36846
1487;36848
1486;36850
1486;36853
1489;36855
1504;36858
1519;36860
1516;36864
1506;36866
1496;36869
1488;36871
1485;36874
1483;36876
1482;36878
1482;36881
1483;36883
1484;36886
1487;36888
1489;36891
1486;36893
1483;36896
1482;36898
1481;36901
1481;36903
1482;36905
1482;36909
1484;36911
1489;36914
1490;36916
1493;36919
1499;36921
1499;36924
1494;36926
1490;36929
1485;36931
1484;36934
1491;36936
1509;36938
1523;36941
1532;36943
1527;36946
1518;36948
1504;36952
1496;36954
1491;36957
1487;36959
1484;36962
1484;36964
1482;36966
1481;36969
1480;36971
1478;36974
1476;36976
1476;36979
1477;36981
1479;36984
1480;36986
1483;36989
1486;36992
1489;36994
1492;36997
1497;36999
1494;37002
1490;37004
1487;37007
1484;37009
1484;37012
1489;37014
1497;37017
1501;37019
1503;37022
1498;37024
1491;37026
1484;37029
1480;37031
1478;37035
1479;37037
1482;37040
1481;37042
1482;37045
1489;37047
1517;37050
1525;37052
1516;37054
1508;37057
1496;37059
1490;37062
1487;37064
1485;37067
1484;37069
1483;37072
1485;37074
1488;37078
1490;37080
1492;37082
1492;37085
1491;37087
1489;37090
1488;37092
1490;37095
1497;37097
1503;37100
1502;37102
1498;37105
1492;37107
1489;37110
1490;37112
1493;37114
1493;37117
1489;37120
1487;37123
1485;37125
1485;37128
1484;37130
1488;37133
1494;37135
1494;37138
1493;37140
1495;37142
1501;37145
1503;37147
1498;37150
1493;37152
1491;37155
1490;37157
1488;37160
1486;37163
1487;37166
1495;37168
1505;37170
1502;37173
1498;37175
1495;37178
1490;37180
1491;37183
1493;37185
1493;37188
1491;37190
1489;37193
1490;37195
1496;37198
1495;37200
1496;37202
1499;37206
1498;37208
1497;37211
1495;37213
1502;37216
1515;37218
1515;37221
1508;37223
1500;37226
1493;37228
1488;37230
1488;37233
1487;37235
1486;37238
1488;37240
1488;37243
1488;37245
1489;37249
1488;37251
1489;37254
1492;37256
1493;37258
1491;37261
1493;37263
1495;37266
1492;37268
1491;37271
1488;37273
1485;37276
1484;37278
1486;37281
1489;37283
1493;37286
1500;37288
1510;37291
1509;37294
1504;37296
1499;37299
1492;37301
1487;37304
1484;37306
1482;37309
1482;37311
1487;37314
1500;37316
1508;37318
1506;37321
1505;37323
1502;37326
1496;37328
1492;37331
1491;37334
1489;37337
1488;37339
1489;37342
1491;37344
1503;37346
1505;37349
1501;37351
1496;37354
1495;37356
1495;37359
1492;37361
1489;37364
1487;37366
1485;37369
1488;37371
1495;37373
1496;37377
1498;37379
1496;37382
1490;37384
1491;37387
1497;37389
1495;37392
1492;37394
1491;37397
1490;37399
1491;37402
1497;37404
1504;37406
1504;37409
1499;37411
1494;37414
1491;37416
1489;37420
1487;37422
1486;37425
1484;37427
1483;37430
1484;37432
1486;37434
1496;37437
1502;37439
1502;37442
1500;37444
1494;37447
1488;37449
1490;37452
1491;37454
1488;37457
1490;37459
1496;37462
1501;37465
1503;37467
1501;37470
1497;37472
1491;37475
1489;37477
1485;37480
1485;37482
1484;37485
1484;37487
1487;37490
1491;37492
1493;37494
1498;37497
1497;37499
1494;37502
1491;37505
1488;37508
1487;37510
1486;37513
1487;37515
1492;37518
1503;37520
1504;37522
1507;37525
1505;37527
1499;37530
1494;37532
1491;37535
1488;37537
1489;37540
1490;37542
1491;37545
1491;37548
1493;37550
1497;37553
1497;37555
1490;37558
1486;37560
1484;37563
1487;37565
1491;37568
1495;37570
1493;37573
1489;37575
1487;37578
1483;37580
1487;37582
1488;37585
1489;37587
1500;37591
1507;37593
1503;37596
1499;37598
1496;37601
1494;37603
1495;37606
1494;37608
1492;37610
1495;37613
1491;37615
1489;37618
1490;37620
1490;37623
1494;37625
1497;37628
1494;37630
1490;37634
1487;37636
1485;37638
1485;37641
1484;37643
1485;37646
1494;37648
1501;37651
1497;37653
1493;37656
1490;37658
1488;37661
1487;37663
1486;37665
1486;37668
1489;37670
1498;37673
1503;37676
1502;37679
1501;37681
1497;37684
1494;37686
1493;37689
1491;37691
1489;37694
1487;37696
1486;37698
1486;37701
1486;37703
1487;37706
1488;37708
1489;37711
1491;37713
1488;37716
1485;37719
1485;37722
1484;37724
1484;37726
1486;37729
1494;37731
1500;37734
1497;37736
1493;37739
1491;37741
1496;37744
1501;37746
1509;37749
1509;37751
1505;37753
1504;37756
1498;37758
1492;37762
1488;37764
1486;37767
1484;37769
1484;37772
1485;37774
1485;37777
1488;37779
1492;37782
1492;37784
1491;37786
1489;37789
1488;37791
1488;37794
1487;37796
1490;37799
1496;37801
1519;37805
1525;37807
1517;37810
1507;37812
1498;37814
1494;37817
1494;37819
1494;37822
1491;37824
1490;37827
1489;37829
1487;37832
1486;37834
1485;37837
1484;37839
1485;37841
1486;37844
1488;37847
1492;37850
1496;37852
1499;37855
1500;37857
1499;37860
1498;37862
1498;37865
1498;37867
1506;37870
1507;37872
1501;37874
1494;37877
1490;37879
1488;37882
1489;37884
1495;37888
1501;37890
1503;37893
1506;37895
1504;37898
1501;37900
1495;37902
1492;37905
1492;37907
1493;37910
1496;37912
1498;37915
1498;37917
1498;37920
1500;37922
1499;37925
1502;37927
1504;37929
1500;37933
1495;37935
1492;37938
1492;37940
1491;37943
1492;37945
1498;37948
1498;37950
1497;37953
1500;37955
1501;37958
1497;37960
1494;37962
1490;37965
1492;37967
1498;37970
1502;37972
1502;37976
1500;37978
1498;37981
1496;37983
1494;37986
1493;37988
1494;37990
1498;37993
1501;37995
1503;37998
1508;38000
1506;38003
1499;38005
1493;38008
1489;38010
1488;38013
1489;38016
1492;38018
1495;38021
1497;38023
1495;38026
1500;38028
1504;38031
1501;38033
1497;38036
1493;38038
1493;38041
1496;38043
1507;38046
1517;38048
1515;38050
1517;38053
1513;38055
1505;38059
1500;38061
1494;38064
1491;38066
1490;38069
1490;38071
1490;38074
1491;38076
1492;38078
1493;38081
1496;38083
1496;38086
1495;38088
1493;38091
1491;38093
1490;38096
1492;38098
1495;38102
1499;38104
1503;38107
1503;38109
1501;38111
1502;38114
1503;38116
1506;38119
1508;38121
1511;38124
1516;38126
1513;38129
1514;38131
1510;38134
1504;38136
1498;38138
1492;38141
1488;38144
1486;38147
1486;38149
1487;38152
1488;38154
1490;38157
1492;38159
1496;38162
1497;38164
1498;38166
1500;38169
1497;38171
1495;38174
1493;38176
1492;38179
1493;38181
1493;38184
1499;38187
1505;38190
1511;38192
1509;38195
1507;38197
1502;38199
1496;38202
1495;38204
1496;38207
1499;38209
1504;38212
1503;38214
1502;38217
1500;38219
1497;38222
1495;38224
1493;38226
1494;38230
1495;38232
1494;38235
1493;38237
1493;38240
1495;38242
1496;38245
1499;38247
1500;38250
1497;38252
1494;38254
1492;38257
1494;38259
1498;38262
1497;38264
1495;38267
1492;38269
1490;38273
1490;38275
1491;38278
1497;38280
1499;38283
1499;38285
1497;38287
1493;38290
1490;38292
1489;38295
1489;38297
1490;38300
1492;38302
1498;38305
1512;38307
1517;38310
1510;38312
1503;38315
1503;38318
1500;38320
1499;38323
1498;38325
1497;38328
1495;38330
1496;38333
1496;38335
1495;38338
1493;38340
1490;38342
1489;38345
1490;38347
1492;38350
1496;38352
1502;38355
1504;38358
1506;38361
1503;38363
1498;38366
1495;38368
1493;38371
1492;38373
1492;38375
1491;38378
1490;38380
1490;38383
1492;38385
1495;38388
1504;38390
1508;38393
1507;38395
1505;38398
1503;38401
1504;38403
1501;38406
1497;38408
1494;38411
1493;38413
1492;38416
1495;38418
1503;38421
1505;38423
1505;38426
1507;38428
1506;38431
1503;38433
1497;38435
1494;38438
1492;38440
1490;38444
1490;38446
1491;38449
1491;38451
1493;38454
1492;38456
1492;38459
1495;38461
1500;38463
1500;38466
1496;38468
1493;38471
1492;38473
1491;38476
1491;38478
1492;38481
1493;38483
1492;38487
1495;38489
1495;38491
1501;38494
1497;38496
1494;38499
1494;38501
1493;38504
1492;38506
1493;38509
1497;38511
1499;38514
1496;38516
1494;38518
1493;38521
1494;38523
1493;38526
1492;38529
1492;38532
1491;38534
1491;38537
1492;38539
1492;38542
1492;38544
1492;38547
1492;38549
1493;38551
1497;38554
1500;38556
1502;38559
1501;38561
1499;38564
1501;38566
1497;38569
1494;38572
1497;38575
1503;38577
1503;38579
1502;38582
1501;38584
1501;38587
1499;38589
1496;38592
1494;38594
1494;38597
1493;38599
1492;38602
1492;38604
1491;38606
1492;38609
1493;38611
1496;38615
1502;38617
1507;38620
1505;38622
1504;38625
1502;38627
1498;38630
1496;38632
1494;38635
1495;38637
1506;38639
1511;38642
1510;38644
1508;38647
1506;38649
1502;38652
1498;38654
1495;38658
1494;38660
1492;38663
1491;38665
1489;38667
1488;38670
1488;38672
1489;38675
1490;38677
1491;38680
1496;38682
1500;38685
1500;38687
1498;38690
1496;38692
1496;38694
1493;38697
1491;38700
1491;38703
1496;38705
1496;38708
1495;38710
1493;38713
1493;38715
1498;38718
1499;38720
1498;38722
1497;38725
1495;38727
1492;38730
1490;38732
1493;38735
1501;38737
1501;38740
1498;38743
1498;38746
1497;38748
1499;38751
1503;38753
1501;38755
1497;38758
1492;38760
1489;38763
1488;38765
1488;38768
1488;38770
1489;38773
1491;38775
1493;38778
1500;38780
1504;38782
1504;38786
1500;38788
1494;38791
1492;38793
1493;38796
1495;38798
1496;38801
1494;38803
1492;38806
1489;38808
1487;38810
1487;38813
1488;38815
1491;38818
1496;38820
1496;38823
1497;38825
1495;38829
1493;38831
1497;38834
1496;38836
1494;38839
1494;38841
1493;38843
1493;38846
1493;38848
1493;38851
1495;38853
1500;38856
1502;38858
1499;38861
1496;38863
1497;38866
1500;38868
1507;38871
1508;38874
1504;38876
1497;38879
1492;38881
1489;38884
1488;38886
1488;38889
1489;38891
1491;38894
1494;38896
1497;38898
1499;38901
1498;38903
1496;38906
1492;38908
1490;38912
1489;38914
1490;38917
1495;38919
1498;38922
1509;38924
1512;38927
1504;38929
1496;38931
1491;38934
1489;38936
1489;38939
1490;38941
1491;38944
1492;38946
1498;38949
1497;38951
1497;38955
1497;38957
1495;38959
1493;38962
1495;38964
1500;38967
1499;38969
1497;38972
1496;38974
1495;38977
1494;38979
1494;38982
1494;38984
1494;38986
1495;38989
1497;38991
1495;38994
1492;38996
1492;39000
1496;39002
1500;39005
1505;39007
1499;39010
1498;39012
1497;39015
1497;39017
1496;39019
1495;39022
1493;39024
1492;39027
1493;39029
1496;39032
1499;39034
1499;39037
1498;39040
1497;39043
1493;39045
1490;39047
1492;39050
1494;39052
1498;39055
1500;39057
1498;39060
1495;39062
1492;39065
1489;39067
1489;39070
1489;39072
1490;39074
1496;39077
1512;39079
1512;39083
1506;39085
1502;39088
1498;39090
1494;39093
1492;39095
1492;39098
1492;39100
1493;39103
1495;39105
1498;39107
1499;39110
1498;39112
1495;39115
1494;39117
1493;39120
1497;39122
1500;39126
1499;39128
1497;39131
1498;39133
1498;39135
1498;39138
1496;39140
1495;39143
1495;39145
1497;39148
1496;39150
1495;39153
1493;39155
1492;39158
1493;39160
1494;39162
1494;39165
1494;39168
1495;39171
1499;39173
1499;39176
1498;39178
1497;39181
1497;39183
1499;39186
1503;39188
1504;39191
1509;39193
1512;39195
1508;39198
1502;39200
1497;39203
1494;39205
1493;39208
1498;39211
1498;39214
1496;39216
1495;39219
1494;39221
1495;39223
1495;39226
1494;39228
1494;39231
1494;39233
1494;39236
1494;39238
1494;39241
1495;39243
1500;39246
1503;39248
1497;39250
1493;39254
1492;39256
1497;39259
1503;39261
1505;39264
1505;39266
1501;39269
1497;39271
1497;39274
1497;39276
1495;39279
1494;39281
1495;39283
1495;39286
1494;39288
1495;39291
1495;39293
1495;39297
1495;39299
1499;39302
1500;39304
1499;39307
1496;39309
1495;39311
1494;39314
1496;39316
1498;39319
1500;39321
1500;39324
1495;39326
1495;39329
1496;39331
1495;39334
1493;39336
1494;39339
1497;39342
1498;39344
1498;39347
1496;39349
1497;39352
1496;39354
1496;39357
1497;39359
1496;39362
1497;39364
1498;39367
1498;39369
1497;39371
1499;39374
1501;39376
1498;39379
1493;39382
1490;39385
1489;39387
1489;39390
1489;39392
1492;39395
1495;39397
1497;39399
1498;39402
1499;39404
1496;39407
1495;39409
1494;39412
1492;39414
1490;39417
1491;39419
1494;39422
1496;39425
1499;39427
1502;39430
1501;39432
1498;39435
1496;39437
1495;39440
1495;39442
1494;39445
1496;39447
1497;39450
1500;39452
1500;39455
1498;39457
1495;39459
1497;39462
1494;39464
1491;39468
1490;39470
1489;39473
1492;39475
1494;39478
1501;39480
1498;39483
1493;39485
1490;39487
1488;39490
1487;39492
1488;39495
1490;39497
1494;39500
1501;39502
1500;39505
1496;39507
1493;39511
1492;39513
1490;39515
1492;39518
1495;39520
1500;39523
1509;39525
1507;39528
1500;39530
1494;39533
1489;39535
1487;39538
1487;39540
1487;39542
1487;39545
1487;39547
1489;39550
1490;39553
1488;39556
1486;39558
1485;39561
1485;39563
1486;39566
1487;39568
1491;39571
1506;39573
1507;39575
1503;39578
1498;39580
1492;39583
1487;39585
1485;39588
1484;39590
1485;39593
1492;39596
1498;39599
1499;39601
1495;39603
1491;39606
1490;39608
1490;39611
1488;39613
1487;39616
1486;39618
1487;39621
1487;39623
1493;39626
1495;39628
1495;39630
1491;39633
1488;39635
1487;39639
1487;39641
1488;39644
1489;39646
1493;39649
1507;39651
1513;39654
1507;39656
1499;39659
1493;39661
1491;39663
1491;39666
1490;39668
1489;39671
1491;39673
1492;39676
1493;39678
1490;39682
1488;39684
1486;39687
1487;39689
1489;39691
1495;39694
1500;39696
1500;39699
1499;39701
1496;39704
1492;39706
1489;39709
1487;39711
1489;39714
1489;39716
1489;39718
1489;39721
1489;39724
1489;39727
1490;39729
1493;39732
1494;39734
1493;39737
1492;39739
1491;39742
1491;39744
1491;39747
1493;39749
1497;39751
1501;39754
1500;39756
1497;39759
1496;39761
1493;39764
1488;39767
1485;39770
1483;39772
1480;39775
1481;39777
1483;39779
1484;39782
1488;39784
1489;39787
1490;39789
1492;39792
1495;39794
1495;39797
1495;39799
1494;39802
1495;39804
1495;39806
1493;39810
1492;39812
1493;39815
1499;39817
1497;39820
1496;39822
1495;39825
1497;39827
1499;39830
1500;39832
1495;39835
1492;39837
1491;39839
1494;39842
1497;39844
1498;39847
1498;39849
1497;39853
1496;39855
1494;39858
1491;39860
1488;39863
1487;39865
1487;39867
1487;39870
1487;39872
1493;39875
1494;39877
1492;39880
1492;39882
1490;39885
1490;39887
1490;39890
1492;39892
1501;39895
1505;39898
1507;39900
1504;39903
1497;39905
1492;39908
1491;39910
1491;39913
1491;39915
1493;39918
1502;39920
1508;39923
1505;39925
1501;39927
1496;39930
1493;39932
1492;39936
1493;39938
1494;39941
1499;39943
1503;39946
1501;39948
1497;39951
1493;39953
1490;39955
1489;39958
1487;39960
1487;39963
1488;39965
1492;39968
1494;39970
1495;39973
1501;39975
1503;39979
1500;39981
1495;39983
1493;39986
1494;39988
1496;39991
1497;39993
1498;39996
1494;39998
1491;40001
1490;40003
1491;40006
1496;40008
1505;40010
1506;40013
1503;40015
1500;40018
1496;40020
1493;40024
1492;40026
1492;40029
1491;40031
1491;40034
1491;40036
1492;40039
1494;40041
1495;40043
1497;40046
1499;40048
1499;40051
1502;40053
1505;40056
1504;40058
1501;40061
1499;40064
1498;40067
1498;40069
1499;40071
1501;40074
1500;40076
1498;40079
1496;40081
1497;40084
1496;40086
1493;40089
1493;40091
1494;40094
1495;40096
1495;40098
1494;40101
1496;40103
1495;40107
1495;40109
1495;40112
1496;40114
1497;40117
1500;40119
1502;40122
1503;40124
1504;40127
1507;40129
1507;40131
1506;40134
1504;40136
1506;40139
1505;40141
1504;40144
1499;40146
1495;40150
1494;40152
1493;40155
1494;40157
1497;40159
1500;40162
1499;40164
1497;40167
1496;40169
1495;40172
1494;40174
1494;40177
1494;40179
1497;40182
1500;40184
1506;40186
1505;40189
1498;40192
1495;40195
1493;40197
1493;40200
1493;40202
1496;40205
1504;40207
1504;40210
1503;40212
1501;40215
1497;40217
1495;40219
1493;40222
1492;40224
1492;40227
1493;40229
1492;40232
1492;40235
1492;40238
1490;40240
1491;40243
1496;40245
1502;40247
1502;40250
1499;40252
1497;40255
1495;40257
1494;40260
1493;40262
1495;40265
1506;40267
1509;40270
1503;40272
1499;40274
1498;40278
1498;40280
1497;40283
1496;40285
1493;40288
1492;40290
1492;40293
1490;40295
1490;40298
1493;40300
1495;40302
1497;40305
1495;40307
1494;40310
1495;40312
1496;40315
1497;40317
1496;40321
1496;40323
1495;40326
1494;40328
1493;40331
1496;40333
1496;40335
1498;40338
1499;40340
1503;40343
1506;40345
1504;40348
1499;40350
1494;40353
1491;40355
1490;40358
1489;40360
1489;40363
1490;40366
1492;40368
1491;40371
1493;40373
1497;40376
1496;40378
1497;40381
1497;40383
1495;40386
1493;40388
1494;40390
1494;40393
1494;40395
1498;40398
1509;40400
1513;40403
1509;40406
1502;40409
1497;40411
1495;40414
1494;40416
1493;40418
1495;40421
1497;40423
1507;40426
1503;40428
1495;40431
1491;40433
1488;40436
1487;40438
1488;40441
1489;40443
1490;40446
1491;40449
1491;40451
1494;40454
1495;40456
1496;40459
1496;40461
1496;40464
1496;40466
1499;40469
1500;40471
1498;40474
1497;40476
1497;40478
1497;40481
1496;40483
1495;40486
1493;40488
1494;40492
1497;40494
1497;40497
1496;40499
1495;40502
1497;40504
1498;40506
1498;40509
1501;40511
1502;40514
1502;40516
1500;40519
1497;40521
1494;40524
1492;40526
1491;40529
1490;40531
1489;40535
1490;40537
1492;40539
1494;40542
1496;40544
1495;40547
1494;40549
1496;40552
1499;40554
1499;40557
1496;40559
1495;40562
1494;40564
1496;40566
1497;40569
1500;40571
1502;40574
1502;40577
1505;40580
1503;40582
1500;40585
1498;40587
1497;40590
1497;40592
1498;40594
1498;40597
1496;40599
1494;40602
1493;40604
1493;40607
1494;40609
1499;40612
1500;40614
1498;40617
1497;40620
1495;40623
1496;40625
1498;40627
1499;40630
1504;40632
1506;40635
1499;40637
1497;40640
1497;40642
1495;40645
1495;40647
1495;40650
1494;40652
1494;40654
1495;40657
1494;40659
1493;40663
1493;40665
1492;40668
1493;40670
1493;40673
1493;40675
1493;40678
1494;40680
1499;40682
1507;40685
1509;40687
1507;40690
1502;40692
1498;40695
1498;40697
1499;40700
1497;40702
1495;40706
1495;40708
1497;40711
1494;40713
1491;40715
1491;40718
1491;40720
1491;40723
1491;40725
1492;40728
1493;40730
1495;40733
1495;40735
1494;40738
1492;40740
1492;40742
1493;40745
1493;40748
1493;40751
1495;40753
1495;40756
1495;40758
1495;40761
1496;40763
1497;40766
1499;40768
1500;40770
1500;40773
1500;40775
1495;40778
1495;40780
1496;40783
1495;40785
1494;40788
1495;40791
1500;40794
1500;40796
1497;40798
1496;40801
1498;40803
1496;40806
1496;40808
1495;40811
1492;40813
1491;40816
1492;40818
1493;40821
1496;40823
1498;40826
1501;40828
1502;40830
1500;40834
1498;40836
1497;40839
1497;40841
1497;40844
1496;40846
1497;40849
1503;40851
1510;40854
1506;40856
1503;40858
1499;40861
1495;40863
1492;40866
1492;40868
1492;40871
1492;40873
1493;40877
1492;40879
1492;40882
1493;40884
1498;40886
1502;40889
1500;40891
1498;40894
1499;40896
1499;40899
1498;40901
1497;40904
1496;40906
1496;40909
1502;40911
1504;40914
1505;40916
1508;40919
1505;40922
1500;40924
1496;40927
1493;40929
1492;40932
1491;40934
1489;40937
1489;40939
1490;40942
1491;40944
1490;40946
1490;40949
1491;40951
1492;40954
1493;40956
1495;40960
1499;40962
1499;40965
1497;40967
1494;40970
1492;40972
1491;40974
1491;40977
1494;40979
1495;40982
1493;40984
1494;40987
1497;40989
1500;40992
1502;40994
1504;40997
1508;40999
1507;41001
1503;41005
1502;41007
1498;41010
1498;41012
1496;41015
1495;41017
1495;41020
1494;41022
1493;41025
1492;41027
1491;41030
1492;41032
1492;41034
1492;41037
1492;41039
1493;41042
1497;41044
1500;41048
1498;41050
1498;41053
1499;41055
1499;41058
1498;41060
1498;41062
1500;41065
1499;41067
1501;41070
1501;41072
1499;41075
1498;41077
1499;41080
1498;41082
1501;41085
1500;41088
1496;41090
1494;41093
1493;41095
1494;41098
1497;41100
1496;41103
1496;41105
1495;41108
1493;41110
1490;41113
1489;41115
1490;41118
1491;41120
1495;41122
1502;41125
1507;41127
1509;41131
1508;41133
1504;41136
1500;41138
1497;41141
1496;41143
1496;41146
1497;41148
1503;41150
1505;41153
1501;41155
1497;41158
1493;41160
1490;41163
1490;41165
1492;41168
1494;41170
1495;41174
1495;41176
1494;41178
1493;41181
1492;41183
1491;41186
1490;41188
1490;41191
1494;41193
1495;41196
1494;41198
1495;41201
1499;41203
1499;41206
1496;41208
1495;41210
1496;41213
1497;41216
1498;41219
1497;41221
1495;41224
1494;41226
1496;41229
1499;41231
1499;41234
1502;41236
1500;41238
1496;41241
1493;41243
1493;41246
1494;41248
1495;41251
1494;41253
1495;41256
1496;41259
1499;41262
1500;41264
1498;41266
1497;41269
1495;41271
1493;41274
1491;41276
1491;41279
1492;41281
1492;41284
1493;41286
1496;41289
1497;41291
1503;41294
1504;41296
1500;41298
1499;41302
1499;41304
1500;41307
1503;41309
1507;41312
1508;41314
1504;41317
1500;41319
1497;41322
1494;41324
1491;41326
1489;41329
1490;41331
1495;41334
1502;41336
1504;41339
1502;41341
1500;41345
1499;41347
1498;41350
1497;41352
1498;41354
1505;41357
1504;41359
1503;41362
1502;41364
1500;41367
1502;41369
1504;41372
1501;41374
1496;41377
1494;41379
1493;41382
1491;41384
1491;41387
1494;41390
1495;41392
1494;41395
1493;41397
1493;41400
1493;41402
1494;41405
1497;41407
1499;41410
1500;41412
1502;41414
1500;41417
1497;41419
1495;41422
1495;41424
1498;41427
1501;41430
1505;41433
1510;41435
1507;41438
1502;41440
1499;41442
1497;41445
1499;41447
1502;41450
1501;41452
1498;41455
1495;41457
1492;41460
1493;41462
1494;41465
1496;41467
1498;41469
1498;41473
1497;41475
1495;41478
1493;41480
1493;41483
1493;41485
1494;41488
1497;41490
1498;41493
1498;41495
1503;41498
1501;41500
1499;41502
1499;41505
1499;41507
1498;41510
1497;41512
1497;41516
1498;41518
1502;41521
1501;41523
1497;41526
1494;41528
1492;41530
1491;41533
1490;41535
1489;41538
1489;41540
1489;41543
1489;41545
1488;41548
1488;41550
1490;41553
1491;41555
1493;41558
1494;41561
1497;41563
1499;41566
1501;41568
1505;41571
1504;41573
1497;41576
1495;41578
1496;41581
1497;41583
1498;41586
1498;41588
1498;41590
1498;41593
1496;41595
1497;41598
1497;41601
1493;41604
1490;41606
1495;41609
1498;41611
1496;41614
1494;41616
1494;41618
1495;41621
1497;41623
1499;41626
1497;41628
1495;41631
1494;41633
1493;41636
1492;41638
1491;41641
1492;41644
1492;41646
1498;41649
1497;41651
1495;41654
1496;41656
1495;41659
1492;41661
1490;41664
1490;41666
1490;41669
1489;41671
1490;41674
1497;41676
1498;41678
1495;41681
1493;41683
1491;41687
1490;41689
1490;41692
1494;41694
1498;41697
1498;41699
1498;41702
1497;41704
1495;41706
1493;41709
1491;41711
1490;41714
1490;41716
1492;41719
1495;41721
1494;41724
1492;41726
1489;41730
1488;41732
1488;41734
1489;41737
1490;41739
1489;41742
1490;41744
1490;41747
1489;41749
1492;41752
1496;41754
1495;41757
1494;41759
1495;41761
1496;41764
1495;41766
1494;41769
1491;41772
1492;41775
1491;41777
1490;41780
1490;41782
1493;41785
1496;41787
1500;41790
1504;41792
1499;41794
1494;41797
1491;41799
1489;41802
1489;41804
1490;41807
1490;41809
1489;41812
1490;41815
1492;41818
1494;41820
1492;41822
1489;41825
1488;41827
1488;41830
1488;41832
1492;41835
1495;41837
1500;41840
1506;41842
1509;41845
1502;41847
1495;41849
1491;41852
1490;41854
1488;41858
1488;41860
1488;41863
1488;41865
1490;41868
1495;41870
1496;41873
1491;41875
1488;41877
1489;41880
1490;41882
1493;41885
1495;41887
1501;41890
1505;41892
1505;41895
1500;41897
1495;41901
1491;41903
1490;41906
1490;41908
1492;41910
1494;41913
1500;41915
1502;41918
1499;41920
1496;41923
1495;41925
1493;41928
1492;41930
1492;41933
1492;41935
1491;41937
1491;41940
1494;41943
1494;41946
1491;41948
1489;41951
1489;41953
1494;41956
1496;41958
1496;41961
1494;41963
1492;41965
1490;41968
1491;41970
1491;41973
1489;41975
1489;41978
1492;41980
1493;41984
1492;41986
1494;41989
1496;41991
1497;41994
1500;41996
1505;41998
1503;42001
1497;42003
1492;42006
1491;42008
1489;42011
1490;42013
1493;42016
1490;42018
1489;42021
1489;42023
1491;42025
1493;42029
1495;42031
1494;42034
1491;42036
1489;42039
1489;42041
1490;42044
1493;42046
1494;42049
1495;42051
1495;42053
1495;42056
1495;42058
1497;42061
1497;42063
1495;42066
1496;42068
1495;42072
1495;42074
1495;42077
1495;42079
1497;42082
1499;42084
1502;42086
1500;42089
1496;42091
1495;42094
1494;42096
1493;42099
1492;42101
1493;42104
1496;42106
1494;42109
1491;42112
1491;42114
1491;42117
1493;42119
1496;42122
1497;42124
1497;42127
1497;42129
1499;42132
1500;42134
1500;42137
1501;42139
1498;42141
1495;42144
1492;42146
1491;42149
1492;42151
1494;42155
1496;42157
1496;42160
1499;42162
1500;42165
1504;42167
1505;42170
1500;42172
1498;42174
1496;42177
1496;42179
1497;42182
1497;42184
1497;42187
1495;42189
1494;42192
1494;42194
1496;42198
1498;42200
1499;42202
1499;42205
1499;42207
1497;42210
1493;42212
1492;42215
1492;42217
1494;42220
1494;42222
1491;42225
1490;42227
1490;42229
1493;42232
1494;42234
1495;42237
1498;42240
1502;42243
1502;42245
1501;42248
1506;42250
1505;42253
1500;42255
1496;42257
1494;42260
1493;42262
1494;42265
1496;42267
1495;42270
1496;42272
1497;42275
1497;42277
1496;42280
1495;42283
1496;42286
1500;42288
1500;42290
1501;42293
1503;42295
1503;42298
1501;42300
1496;42303
1493;42305
1494;42308
1493;42310
1492;42313
1494;42315
1495;42317
1495;42320
1493;42322
1493;42326
1493;42328
1493;42331
1496;42333
1500;42336
1504;42338
1503;42341
1503;42343
1501;42345
1501;42348
1499;42350
1498;42353
1498;42355
1506;42358
1509;42360
1503;42363
1499;42365
1494;42369
1489;42371
1486;42374
1489;42376
1491;42378
1491;42381
1490;42383
1493;42386
1494;42388
1495;42391
1497;42393
1499;42396
1498;42398
1495;42401
1493;42403
1492;42405
1493;42408
1494;42411
1498;42414
1502;42416
1502;42419
1503;42421
1504;42424
1501;42426
1496;42429
1493;42431
1492;42433
1495;42436
1493;42438
1491;42441
1497;42443
1497;42446
1497;42448
1500;42451
1502;42454
1499;42457
1495;42459
1494;42461
1491;42464
1491;42466
1491;42469
1492;42471
1492;42474
1496;42476
1500;42479
1501;42481
1501;42484
1498;42486
1495;42489
1492;42491
1491;42493
1491;42497
1492;42499
1495;42502
1495;42504
1492;42507
1492;42509
1492;42512
1492;42514
1493;42517
1497;42519
1500;42521
1504;42524
1503;42526
1500;42529
1498;42531
1496;42534
1493;42536
1492;42540
1492;42542
1492;42545
1496;42547
1499;42549
1497;42552
1495;42554
1492;42557
1491;42559
1491;42562
1491;42564
1492;42567
1493;42569
1494;42572
1494;42574
1492;42576
1491;42579
1492;42582
1492;42585
1492;42587
1492;42590
1496;42592
1497;42595
1501;42597
1511;42600
1508;42602
1502;42605
1499;42607
1492;42609
1488;42612
1487;42614
1488;42617
1492;42619
1495;42622
1499;42625
1500;42628
1496;42630
1494;42633
1493;42635
1494;42637
1496;42640
1496;42642
1494;42645
1492;42647
1491;42650
1492;42652
1492;42655
1493;42657
1495;42660
1494;42662
1494;42665
1495;42668
1497;42670
1496;42673
1496;42675
1498;42678
1502;42680
1503;42683
1501;42685
1500;42688
1498;42690
1495;42693
1493;42695
1490;42697
1490;42700
1493;42702
1495;42705
1496;42707
1497;42711
1497;42713
1493;42716
1489;42718
1488;42721
1490;42723
1490;42725
1490;42728
1492;42730
1493;42733
1494;42735
1494;42738
1493;42740
1496;42743
1494;42745
1491;42748
1492;42750
1492;42753
1493;42756
1498;42758
1498;42761
1501;42763
1500;42766
1499;42768
1503;42771
1502;42773
1503;42776
1500;42778
1497;42781
1494;42783
1491;42785
1491;42788
1490;42790
1489;42793
1489;42796
1490;42799
1491;42801
1494;42804
1499;42806
1498;42809
1495;42811
1494;42813
1493;42816
1492;42818
1493;42821
1495;42823
1497;42826
1499;42828
1500;42831
1500;42833
1499;42836
1497;42839
1496;42841
1497;42844
1501;42846
1508;42849
1503;42851
1496;42854
1493;42856
1491;42859
1490;42861
1489;42864
1490;42866
1493;42869
1493;42871
1493;42873
1493;42876
1493;42878
1499;42882
1499;42884
1497;42887
1495;42889
1494;42892
1493;42894
1494;42897
1496;42899
1499;42901
1497;42904
1494;42906
1491;42909
1491;42911
1491;42914
1493;42916
1496;42919
1496;42921
1497;42925
1498;42927
1497;42929
1494;42932
1491;42934
1492;42937
1497;42939
1496;42942
1495;42944
1495;42947
1494;42949
1494;42952
1492;42954
1491;42957
1492;42959
1495;42961
1493;42964
1492;42967
1492;42970
1491;42972
1492;42975
1492;42977
1494;42980
1497;42982
1497;42985
1497;42987
1499;42989
1499;42992
1498;42994
1496;42997
1495;42999
1496;43002
1505;43004
1511;43008
1507;43010
1503;43013
1498;43015
1495;43017
1493;43020
1491;43022
1492;43025
1492;43027
1491;43030
1490;43032
1489;43035
1488;43037
1487;43040
1488;43042
1488;43044
1488;43047
1490;43049
1491;43053
1490;43055
1490;43058
1493;43060
1492;43063
1491;43065
1491;43068
1491;43070
1492;43073
1492;43075
1492;43077
1493;43080
1500;43082
1500;43085
1496;43087
1493;43090
1492;43092
1496;43096
1503;43098
1504;43101
1503;43103
1501;43105
1499;43108
1498;43110
1501;43113
1498;43115
1496;43118
1497;43120
1497;43123
1496;43125
1494;43128
1493;43130
1495;43132
1497;43136
1496;43138
1494;43141
1493;43143
1491;43146
1490;43148
1489;43151
1491;43153
1492;43156
1491;43158
1492;43161
1490;43163
1488;43165
1492;43168
1496;43170
1496;43173
1495;43175
1495;43179
1496;43181
1496;43184
1492;43186
1494;43189
1494;43191
1494;43193
1493;43196
1493;43198
1498;43201
1505;43203
1508;43206
1512;43208
1506;43211
1497;43213
1493;43216
1491;43218
1490;43220
1490;43224
1490;43226
1490;43229
1491;43231
1493;43234
1494;43236
1492;43239
1490;43241
1490;43244
1490;43246
1490;43249
1491;43251
1500;43253
1504;43256
1504;43258
1502;43261
1499;43264
1495;43267
1493;43269
1491;43272
1492;43274
1497;43277
1500;43279
1501;43281
1501;43284
1496;43286
1493;43289
1491;43291
1490;43294
1488;43296
1487;43299
1487;43301
1491;43304
1498;43307
1499;43309
1496;43312
1495;43314
1495;43317
1497;43319
1493;43322
1490;43324
1490;43327
1491;43329
1495;43332
1501;43334
1501;43337
1498;43339
1496;43341
1495;43344
1493;43346
1491;43350
1491;43352
1495;43355
1501;43357
1500;43360
1498;43362
1495;43365
1494;43367
1492;43369
1492;43372
1495;43374
1496;43377
1495;43379
1493;43382
1491;43384
1491;43387
1492;43389
1491;43393
1492;43395
1495;43397
1502;43400
1500;43402
1496;43405
1493;43407
1491;43410
1492;43412
1496;43415
1496;43417
1498;43420
1498;43422
1497;43424
1496;43427
1499;43429
1504;43432
1502;43435
1498;43438
1499;43440
1501;43443
1499;43445
1498;43448
1495;43450
1494;43453
1493;43455
1494;43457
1496;43460
1499;43462
1501;43465
1501;43467
1498;43470
1500;43472
1499;43475
1499;43478
1500;43481
1500;43483
1498;43485
1495;43488
1493;43490
1492;43493
1493;43495
1494;43498
1497;43500
1503;43503
1508;43505
1505;43508
1500;43510
1496;43512
1495;43515
1495;43517
1496;43521
1497;43523
1498;43526
1499;43528
1499;43531
1498;43533
1498;43536
1496;43538
1494;43541
1493;43543
1492;43545
1493;43548
1493;43550
1494;43553
1494;43555
1498;43558
1500;43560
1497;43564
1496;43566
1498;43569
1497;43571
1496;43573
1495;43576
1497;43578
1499;43581
1509;43583
1510;43586
1507;43588
1509;43591
1508;43593
1503;43596
1497;43598
1493;43600
1492;43603
1492;43606
1491;43609
1491;43611
1491;43614
1491;43616
1492;43619
1492;43621
1493;43624
1494;43626
1499;43629
1501;43631
1498;43633
1496;43636
1494;43638
1494;43641
1493;43643
1495;43646
1496;43649
1496;43652
1495;43654
1495;43657
1495;43659
1496;43661
1500;43664
1502;43666
1499;43669
1497;43671
1495;43674
1494;43676
1494;43679
1494;43681
1493;43684
1496;43686
1500;43688
1501;43692
1496;43694
1492;43697
1491;43699
1490;43702
1490;43704
1490;43707
1490;43709
1496;43712
1499;43714
1498;43716
1496;43719
1492;43721
1492;43724
1491;43726
1491;43729
1490;43731
1491;43735
1498;43737
1503;43740
1505;43742
1503;43745
1498;43747
1494;43749
1492;43752
1491;43754
1490;43757
1492;43759
1496;43762
1497;43764
1498;43767
1498;43769
1498;43772
1496;43774
1493;43777
1492;43780
1491;43782
1490;43785
1493;43787
1494;43790
1502;43792
1505;43795
1501;43797
1496;43800
1496;43802
1496;43804
1495;43807
1495;43809
1495;43812
1496;43814
1497;43817
1497;43820
1499;43823
1499;43825
1497;43828
1497;43830
1498;43833
1501;43835
1501;43837
1499;43840
1501;43842
1504;43845
1503;43847
1499;43850
1496;43852
1495;43855
1493;43857
1492;43860
1492;43863
1495;43865
1499;43868
1499;43870
1501;43873
1502;43875
1499;43878
1502;43880
1503;43883
1500;43885
1497;43888
1496;43890
1495;43892
1495;43895
1495;43897
1494;43900
1493;43902
1490;43906
1488;43908
1489;43911
1491;43913
1492;43916
1495;43918
1497;43920
1499;43923
1499;43925
1500;43928
1503;43930
1500;43933
1498;43935
1498;43938
1498;43940
1499;43943
1502;43945
1504;43949
1500;43951
1497;43953
1494;43956
1491;43958
1492;43961
1494;43963
1493;43966
1493;43968
1494;43971
1495;43973
1495;43976
1495;43978
1495;43980
1494;43983
1493;43985
1492;43988
1492;43991
1492;43994
1499;43996
1507;43999
1505;44001
1501;44004
1499;44006
1497;44008
1496;44011
1496;44013
1498;44016
1505;44018
1503;44021
1500;44023
1499;44026
1498;44028
1501;44032
1501;44034
1498;44037
1497;44039
1497;44041
1499;44044
1499;44046
1500;44049
1502;44051
1500;44054
1499;44056
1503;44059
1506;44061
1502;44064
1500;44066
1501;44068
1501;44071
1500;44073
1497;44077
1495;44079
1495;44082
1500;44084
1505;44087
1509;44089
1506;44092
1503;44094
1500;44096
1497;44099
1495;44101
1496;44104
1497;44106
1496;44109
1495;44111
1495;44114
1495;44116
1499;44120
1502;44122
1501;44124
1501;44127
1498;44129
1496;44132
1495;44134
1495;44137
1494;44139
1492;44142
1493;44144
1492;44147
1493;44149
1495;44152
1497;44154
1496;44156
1496;44160
1495;44162
1494;44165
1493;44167
1495;44170
1498;44172
1501;44175
1500;44177
1499;44180
1500;44182
1498;44184
1499;44187
1497;44189
1494;44192
1492;44194
1494;44197
1492;44199
1490;44203
1490;44205
1490;44208
1492;44210
1494;44212
1495;44215
1495;44217
1495;44220
1495;44222
1495;44225
1495;44227
1499;44230
1501;44232
1503;44235
1500;44237
1497;44240
1494;44242
1494;44244
1492;44248
1491;44250
1492;44253
1490;44255
1488;44258
1486;44260
1487;44263
1494;44265
1498;44268
1499;44270
1501;44272
1504;44275
1503;44277
1500;44280
1496;44282
1492;44285
1489;44288
1487;44291
1487;44293
1489;44296
1491;44298
1493;44300
1494;44303
1495;44305
1496;44308
1496;44310
1494;44313
1493;44315
1492;44318
1490;44320
1487;44323
1487;44325
1488;44327
1489;44331
1493;44333
1493;44336
1494;44338
1495;44341
1492;44343
1490;44346
1490;44348
1490;44351
1491;44353
1492;44356
1498;44358
1501;44360
1499;44363
1499;44365
1500;44368
1497;44370
1497;44374
1498;44376
1499;44379
1499;44381
1499;44384
1501;44386
1498;44388
1492;44391
1489;44393
1487;44396
1490;44398
1495;44401
1494;44403
1492;44406
1490;44408
1487;44411
1486;44413
1486;44416
1488;44419
1489;44421
1490;44424
1491;44426
1492;44429
1498;44431
1502;44434
1503;44436
1505;44439
1505;44441
1501;44444
1499;44446
1495;44448
1493;44451
1491;44453
1492;44456
1492;44459
1490;44462
1490;44464
1492;44467
1493;44469
1494;44472
1493;44474
1493;44476
1494;44479
1497;44481
1495;44484
1496;44486
1493;44489
1491;44491
1492;44494
1493;44496
1494;44499
1494;44502
1492;44504
1493;44507
1493;44509
1495;44512
1497;44514
1494;44517
1493;44519
1494;44522
1494;44524
1496;44527
1501;44529
1510;44532
1512;44534
1506;44536
1501;44539
1497;44541
1494;44545
1491;44547
1490;44550
1489;44552
1489;44555
1489;44557
1489;44560
1492;44562
1495;44564
1490;44567
1486;44569
1485;44572
1487;44574
1487;44577
1488;44579
1488;44582
1490;44584
1491;44588
1493;44590
1495;44592
1496;44595
1493;44597
1491;44600
1492;44602
1495;44605
1498;44607
1499;44610
1497;44612
1493;44615
1489;44617
1487;44620
1488;44622
1488;44624
1488;44627
1490;44630
1491;44633
1490;44635
1489;44638
1489;44640
1490;44643
1492;44645
1498;44648
1501;44650
1500;44652
1498;44655
1495;44657
1492;44660
1489;44662
1488;44665
1487;44667
1487;44670
1488;44673
1495;44676
1493;44678
1490;44680
1489;44683
1488;44685
1489;44688
1491;44690
1496;44693
1496;44695
1494;44698
1492;44700
1489;44703
1487;44705
1486;44707
1486;44710
1489;44712
1499;44716
1500;44718
1498;44721
1495;44723
1493;44726
1492;44728
1491;44731
1490;44733
1488;44736
1487;44738
1487;44740
1488;44743
1489;44745
1490;44748
1494;44750
1493;44753
1492;44755
1490;44759
1489;44761
1488;44764
1491;44766
1494;44768
1495;44771
1497;44773
1496;44776
1491;44778
1488;44781
1489;44783
1491;44786
1491;44788
1491;44791
1489;44793
1491;44795
1491;44798
1491;44801
1492;44804
1492;44806
1496;44809
1496;44811
1496;44814
1499;44816
1497;44819
1498;44821
1498;44824
1497;44826
1497;44828
1497;44831
1503;44833
1501;44836
1495;44838
1493;44841
1493;44844
1493;44847
1491;44849
1490;44852
1489;44854
1487;44856
1486;44859
1486;44861
1486;44864
1487;44866
1487;44869
1489;44871
1489;44874
1490;44876
1490;44879
1493;44881
1499;44883
1500;44887
1497;44889
1495;44892
1495;44894
1496;44897
1495;44899
1494;44902
1494;44904
1496;44907
1505;44909
1510;44912
1508;44914
1505;44916
1500;44919
1497;44921
1495;44924
1493;44926
1493;44930
1493;44932
1492;44935
1493;44937
1494;44940
1494;44942
1492;44944
1491;44947
1491;44949
1490;44952
1489;44954
1492;44957
1493;44959
1497;44962
1498;44964
1499;44967
1498;44969
1496;44972
1495;44975
1495;44977
1498;44980
1501;44982
1502;44985
1498;44987
1497;44990
1496;44992
1495;44995
1494;44997
1496;45000
1498;45002
1498;45004
1497;45007
1497;45009
1497;45012
1498;45015
1498;45018
1499;45020
1499;45023
1496;45025
1495;45028
1500;45030
1504;45032
1501;45035
1499;45037
1497;45040
1497;45042
1496;45045
1501;45047
1501;45050
1497;45052
1496;45056
1496;45058
1496;45060
1496;45063
1499;45065
1503;45068
1508;45070
1506;45073
1504;45075
1504;45078
1504;45080
1499;45083
1496;45085
1494;45088
1493;45090
1493;45092
1492;45095
1491;45097
1491;45101
1491;45103
1492;45106
1492;45108
1495;45111
1500;45113
1500;45116
1499;45118
1498;45120
1496;45123
1496;45125
1496;45128
1496;45130
1496;45133
1495;45135
1494;45138
1492;45140
1491;45144
1490;45146
1492;45148
1494;45151
1497;45153
1505;45156
1503;45158
1499;45161
1496;45163
1493;45166
1493;45168
1496;45171
1499;45173
1497;45176
1496;45178
1495;45180
1491;45184
1490;45186
1490;45189
1492;45191
1493;45194
1492;45196
1492;45199
1492;45201
1493;45204
1493;45206
1496;45208
1496;45211
1496;45213
1497;45216
1497;45218
1498;45221
1498;45223
1497;45227
1496;45229
1495;45232
1496;45234
1501;45236
1507;45239
1510;45241
1505;45244
1501;45246
1499;45249
1497;45251
1495;45254
1495;45256
1497;45259
1496;45261
1496;45263
1496;45266
1498;45268
1499;45272
1498;45274
1496;45277
1494;45279
1493;45282
1493;45284
1493;45287
1496;45289
1497;45292
1496;45294
1495;45296
1495;45299
1496;45301
1497;45304
1498;45306
1498;45309
1498;45312
1498;45315
1501;45317
1502;45320
1503;45322
1503;45324
1499;45327
1499;45329
1501;45332
1501;45334
1499;45337
1499;45339
1503;45342
1507;45344
1507;45347
1503;45349
1497;45351
1494;45355
1491;45357
1490;45360
1490;45362
1491;45365
1494;45367
1496;45370
1497;45372
1498;45375
1499;45377
1499;45379
1501;45382
1500;45384
1498;45387
1495;45389
1494;45392
1499;45394
1499;45398
1497;45400
1495;45403
1493;45405
1490;45408
1488;45410
1487;45412
1487;45415
1490;45417
1491;45420
1499;45422
1508;45425
1502;45427
1495;45430
1493;45432
1491;45435
1490;45437
1491;45440
1491;45443
1490;45445
1490;45448
1493;45450
1494;45453
1495;45455
1495;45458
1493;45460
1494;45463
1493;45465
1492;45467
1491;45470
1491;45472
1494;45475
1498;45477
1500;45480
1499;45483
1497;45486
1494;45488
1493;45491
1493;45493
1496;45496
1496;45498
1494;45500
1492;45503
1489;45505
1488;45508
1486;45510
1484;45513
1484;45515
1491;45518
1491;45520
1490;45523
1492;45526
1492;45528
1491;45531
1490;45533
1488;45536
1487;45538
1488;45541
1490;45543
1492;45546
1495;45548
1498;45551
1504;45553
1509;45555
1510;45558
1505;45560
1500;45563
1498;45565
1497;45569
1500;45571
1500;45574
1499;45576
1501;45579
1502;45581
1501;45584
1499;45586
1496;45588
1493;45591
1491;45593
1490;45596
1489;45598
1489;45601
1489;45603
1490;45606
1494;45608
1496;45612
1493;45614
1492;45616
1493;45619
1493;45621
1495;45624
1498;45626
1496;45629
1496;45631
1496;45634
1496;45636
1496;45639
1496;45641
1495;45643
1500;45646
1505;45648
1506;45651
1504;45654
1502;45657
1499;45659
1496;45662
1495;45664
1495;45667
1494;45669
1495;45671
1495;45674
1496;45676
1494;45679
1491;45681
1490;45684
1491;45686
1493;45689
1496;45691
1497;45694
1499;45697
1505;45700
1510;45702
1507;45704
1502;45707
1498;45709
1494;45712
1492;45714
1491;45717
1492;45719
1496;45722
1498;45724
1498;45727
1495;45729
1495;45731
1495;45734
1495;45736
1493;45740
1497;45742
1499;45745
1497;45747
1496;45750
1494;45752
1493;45755
1493;45757
1495;45759
1497;45762
1499;45764
1501;45767
1503;45769
1503;45772
1501;45774
1498;45777
1496;45779
1495;45783
1494;45785
1497;45788
1502;45790
1506;45792
1502;45795
1500;45797
1498;45800
1494;45802
1491;45805
1491;45807
1490;45810
1492;45812
1499;45815
1501;45817
1499;45819
1496;45822
1494;45825
1492;45828
1490;45830
1489;45833
1489;45835
1491;45838
1493;45840
1495;45843
1495;45845
1495;45847
1495;45850
1497;45852
1499;45855
1497;45857
1497;45860
1495;45862
1493;45865
1495;45868
1498;45871
1496;45873
1495;45876
1490;45878
1489;45880
1489;45883
1488;45885
1488;45888
1489;45890
1490;45893
1491;45895
1493;45898
1504;45900
1502;45903
1496;45905
1494;45907
1494;45911
1494;45913
1493;45916
1493;45918
1493;45921
1496;45923
1498;45926
1499;45928
1498;45931
1496;45933
1493;45935
1491;45938
1489;45940
1489;45943
1491;45945
1494;45948
1497;45950
1497;45954
1495;45956
1495;45959
1494;45961
1492;45963
1490;45966
1488;45968
1490;45971
1492;45973
1491;45976
1493;45978
1495;45981
1494;45983
1494;45986
1495;45988
1493;45991
1490;45993
1489;45996
1490;45999
1491;46001
1493;46004
1493;46006
1493;46009
1493;46011
1495;46014
1494;46016
1492;46019
1492;46021
1490;46023
1489;46026
1490;46028
1496;46031
1503;46033
1503;46036
1500;46039
1496;46042
1497;46044
1495;46047
1494;46049
1492;46051
1491;46054
1491;46056
1490;46059
1492;46061
1493;46064
1491;46066
1492;46069
1494;46071
1494;46074
1494;46076
1494;46080
1494;46082
1494;46084
1494;46087
1491;46089
1491;46092
1491;46094
1489;46097
1486;46099
1486;46102
1489;46104
1490;46107
1491;46109
1493;46111
1495;46114
1495;46116
1497;46119
1502;46121
1506;46125
1503;46127
1500;46130
1496;46132
1494;46135
1494;46137
1494;46139
1494;46142
1493;46144
1496;46147
1497;46149
1502;46152
1506;46154
1502;46157
1497;46159
1495;46162
1493;46164
1493;46168
1498;46170
1500;46172
1500;46175
1499;46177
1497;46180
1495;46182
1494;46185
1493;46187
1493;46190
1492;46192
1491;46195
1490;46197
1489;46199
1489;46202
1490;46204
1492;46208
1493;46210
1498;46213
1500;46215
1499;46218
1498;46220
1497;46223
1500;46225
1499;46227
1497;46230
1495;46232
1493;46235
1494;46237
1497;46240
1496;46242
1495;46245
1495;46247
1495;46251
1494;46253
1492;46256
1492;46258
1493;46260
1498;46263
1495;46265
1495;46268
1497;46270
1497;46273
1499;46275
1497;46278
1496;46280
1494;46283
1494;46285
1495;46287
1496;46290
1500;46292
1499;46296
1495;46298
1493;46301
1495;46303
1495;46306
1494;46308
1492;46311
1491;46313
1490;46315
1490;46318
1492;46320
1496;46323
1500;46325
1502;46328
1500;46330
1498;46333
1495;46336
1493;46339
1493;46341
1494;46343
1495;46346
1495;46348
1497;46351
1504;46353
1501;46356
1496;46358
1493;46361
1492;46363
1493;46366
1492;46368
1491;46371
1491;46373
1491;46375
1494;46379
1496;46381
1498;46384
1499;46386
1498;46389
1496;46391
1495;46394
1495;46396
1494;46399
1496;46401
1497;46403
1498;46406
1501;46408
1500;46411
1497;46413
1494;46416
1494;46418
1497;46422
1504;46424
1505;46427
1504;46429
1507;46431
1507;46434
1501;46436
1496;46439
1493;46441
1490;46444
1490;46446
1491;46449
1492;46451
1492;46454
1493;46456
1495;46459
1503;46461
1500;46464
1495;46467
1493;46469
1492;46472
1492;46474
1493;46477
1493;46479
1492;46482
1492;46484
1492;46487
1493;46489
1494;46491
1498;46494
1500;46496
1497;46499
1494;46501
1493;46504
1494;46507
1495;46510
1493;46512
1491;46515
1489;46517
1490;46519
1496;46522
1504;46524
1502;46527
1499;46529
1497;46532
1495;46534
1494;46537
1494;46539
1494;46542
1495;46544
1495;46546
1494;46550
1495;46552
1499;46555
1502;46557
1498;46560
1493;46562
1491;46565
1490;46567
1490;46570
1491;46572
1495;46575
1494;46577
1491;46579
1489;46582
1489;46584
1490;46587
1489;46589
1489;46593
1490;46595
1491;46598
1492;46600
1493;46603
1496;46605
1503;46607
1503;46610
1505;46612
1506;46615
1502;46617
1498;46620
1495;46622
1492;46625
1493;46627
1491;46630
1491;46632
1491;46635
1487;46638
1486;46640
1487;46643
1488;46645
1489;46648
1490;46650
1491;46653
1491;46655
1492;46658
1495;46660
1500;46663
1503;46665
1500;46667
1497;46670
1493;46672
1491;46675
1490;46678
1491;46681
1492;46683
1497;46686
1506;46688
1506;46691
1503;46693
1500;46695
1497;46698
1496;46700
1495;46703
1496;46705
1495;46708
1498;46710
1501;46713
1501;46715
1500;46718
1499;46721
1497;46723
1495;46726
1494;46728
1494;46731
1494;46733
1493;46736
1495;46738
1496;46741
1493;46743
1491;46746
1490;46748
1490;46751
1492;46753
1491;46755
1492;46758
1496;46760
1497;46764
1497;46766
1497;46769
1495;46771
1494;46774
1495;46776
1496;46779
1501;46781
1502;46783
1500;46786
1498;46788
1496;46791
1495;46793
1493;46796
1495;46798
1496;46801
1498;46803
1496;46807
1492;46809
1494;46811
1496;46814
1495;46816
1494;46819
1494;46821
1494;46824
1493;46826
1493;46829
1494;46831
1495;46834
1494;46836
1493;46839
1494;46841
1494;46843
1495;46846
1495;46849
1491;46852
1489;46854
1490;46857
1490;46859
1491;46862
1494;46864
1492;46867
1492;46869
1497;46871
1499;46874
1498;46876
1496;46879
1495;46881
1495;46884
1498;46886
1498;46889
1499;46892
1499;46895
1498;46897
1497;46899
1496;46902
1494;46904
1496;46907
1499;46909
1496;46912
1493;46914
1491;46917
1491;46919
1491;46922
1491;46924
1492;46926
1495;46929
1498;46931
1499;46935
1498;46937
1496;46940
1495;46942
1495;46945
1495;46947
1495;46950
1495;46952
1496;46955
1498;46957
1499;46959
1501;46962
1515;46964
1525;46967
1518;46969
1510;46972
1503;46974
1498;46978
1494;46980
1492;46983
1492;46985
1492;46987
1490;46990
1488;46992
1487;46995
1488;46997
1490;47000
1493;47002
1494;47005
1494;47007
1495;47010
1495;47012
1498;47014
1498;47017
1501;47020
1505;47023
1500;47025
1496;47028
1493;47030
1494;47033
1495;47035
1496;47038
1499;47040
1499;47043
1499;47045
1498;47047
1498;47050
1499;47052
1497;47055
1497;47057
1497;47060
1496;47063
1497;47066
1503;47068
1503;47071
1500;47073
1496;47075
1493;47078
1493;47080
1493;47083
1493;47085
1493;47088
1492;47090
1493;47093
1492;47095
1493;47098
1493;47100
1493;47102
1493;47106
1493;47108
1494;47111
1494;47113
1497;47116
1498;47118
1498;47121
1501;47123
1504;47126
1499;47128
1494;47131
1492;47133
1493;47135
1490;47138
1489;47140
1493;47143
1498;47145
1497;47149
1495;47151
1494;47154
1493;47156
1495;47159
1496;47161
1496;47163
1496;47166
1498;47168
1502;47171
1502;47173
1499;47176
1496;47178
1493;47181
1491;47183
1490;47186
1489;47188
1488;47191
1488;47194
1489;47196
1494;47199
1497;47201
1497;47204
1496;47206
1501;47209
1502;47211
1497;47214
1494;47216
1493;47219
1494;47221
1494;47223
1494;47226
1494;47228
1497;47232
1496;47234
1493;47237
1491;47239
1493;47242
1496;47244
1497;47247
1498;47249
1501;47251
1501;47254
1504;47256
1509;47259
1508;47261
1501;47264
1498;47266
1497;47269
1497;47271
1500;47275
1500;47277
1499;47279
1498;47282
1496;47284
1495;47287
1494;47289
1496;47292
1500;47294
1497;47297
1492;47299
1490;47302
1489;47304
1490;47307
1492;47309
1492;47311
1491;47314
1491;47316
1491;47320
1492;47322
1493;47325
1495;47327
1502;47330
1507;47332
1504;47335
1501;47337
1506;47339
1510;47342
1511;47344
1506;47347
1501;47349
1496;47352
1493;47354
1491;47357
1490;47360
1490;47363
1490;47365
1491;47367
1494;47370
1494;47372
1495;47375
1493;47377
1492;47380
1493;47382
1495;47385
1494;47387
1494;47390
1494;47392
1494;47395
1495;47397
1495;47399
1496;47403
1496;47405
1494;47408
1499;47410
1507;47413
1506;47415
1501;47418
1497;47420
1493;47423
1491;47425
1489;47427
1488;47430
1491;47432
1498;47435
1498;47437
1497;47440
1496;47442
1494;47446
1494;47448
1493;47451
1492;47453
1492;47455
1492;47458
1495;47460
1495;47463
1495;47465
1495;47468
1494;47470
1491;47473
1490;47475
1495;47478
1497;47480
1496;47482
1494;47485
1496;47488
1497;47491
1497;47493
1495;47496
1494;47498
1492;47501
1491;47503
1491;47506
1491;47508
1493;47511
1496;47513
1498;47515
1500;47518
1507;47520
1502;47523
1495;47525
1492;47528
1491;47531
1490;47534
1490;47536
1490;47539
1490;47541
1490;47543
1492;47546
1495;47548
1496;47551
1496;47553
1495;47556
1495;47558
1494;47561
1493;47563
1492;47566
1493;47568
1494;47570
1496;47574
1499;47576
1500;47579
1502;47581
1502;47584
1502;47586
1505;47589
1502;47591
1500;47594
1499;47596
1495;47599
1495;47601
1496;47603
1502;47606
1501;47608
1496;47611
1492;47613
1492;47617
1492;47619
1489;47622
1487;47624
1486;47627
1487;47629
1487;47631
1487;47634
1488;47636
1490;47639
1491;47641
1491;47644
1491;47646
1493;47649
1493;47651
1491;47654
1491;47656
1492;47659
1492;47662
1492;47664
1491;47667
1491;47669
1491;47672
1491;47674
1493;47677
1496;47679
1499;47682
1498;47684
1498;47687
1501;47689
1501;47691
1500;47694
1500;47696
1499;47699
1502;47702
1501;47705
1499;47707
1497;47710
1496;47712
1498;47715
1497;47717
1496;47719
1495;47722
1492;47724
1490;47727
1489;47729
1488;47732
1488;47734
1489;47737
1489;47739
1488;47742
1489;47745
1489;47747
1490;47750
1490;47752
1491;47755
1492;47757
1495;47760
1499;47762
