1494;2
1496;4
1494;7
1493;9
1490;11
1489;13
1488;16
1489;18
1502;20
1520;23
1527;25
1523;27
1514;30
1501;32
1493;34
1491;36
1488;39
1486;41
1485;44
1485;47
1489;49
1490;51
1493;54
1493;56
1492;58
1491;60
1490;63
1489;65
1487;67
1484;70
1486;72
1488;74
1497;77
1502;79
1493;81
1489;84
1487;87
1485;89
1486;91
1486;94
1484;96
1483;98
1486;101
1491;103
1499;105
1507;108
1507;110
1504;112
1502;115
1504;117
1507;120
1500;122
1494;124
1495;128
1495;130
1491;132
1489;135
1488;137
1487;139
1487;142
1487;144
1488;146
1488;149
1489;151
1490;153
1491;156
1491;158
1492;161
1494;163
1496;165
1497;168
1505;171
1506;173
1500;176
1498;178
1497;180
1496;183
1497;185
1501;187
1500;190
1497;192
1495;194
1496;197
1497;199
1498;202
1499;204
1498;206
1495;209
1492;211
1492;214
1492;217
1496;219
1499;221
1502;224
1501;226
1509;228
1504;231
1495;233
1493;235
1487;238
1485;240
1486;243
1486;245
1486;247
1486;250
1488;252
1494;254
1492;258
1489;260
1490;262
1489;265
1489;267
1489;269
1490;272
1491;274
1493;277
1497;279
1499;281
1497;284
1494;286
1493;288
1494;291
1496;293
1495;295
1494;299
1496;301
1497;303
1496;306
1497;308
1500;310
1499;313
1501;315
1501;318
1496;320
1492;322
1490;325
1490;327
1489;329
1489;332
1490;334
1491;336
1492;339
1493;342
1493;344
1495;347
1499;349
1502;351
1509;354
1512;356
1506;359
1499;361
1496;363
1496;366
1498;368
1498;370
1498;373
1496;375
1493;377
1491;380
1491;382
1492;385
1500;388
1502;390
1506;393
1515;395
1516;397
1507;400
1499;402
1497;404
1495;407
1493;409
1493;411
1493;414
1494;416
1496;418
1500;421
1503;423
1507;425
1509;429
1507;431
1502;434
1497;436
1495;438
1496;441
1501;443
1498;445
1497;448
1495;450
1495;452
1497;455
1496;457
1495;459
1494;462
1495;464
1498;466
1504;470
1502;472
1499;475
1500;477
1506;479
1505;482
1509;484
1509;486
1505;489
1501;491
1498;493
1498;496
1498;498
1497;500
1497;503
1495;505
1494;508
1494;510
1493;513
1493;516
1492;518
1494;520
1496;523
1496;525
1497;527
1501;530
1513;532
1515;534
1512;537
1507;539
1503;541
1499;544
1496;546
1495;549
1494;551
1493;553
1493;557
1493;559
1496;561
1499;564
1499;566
1495;568
1493;571
1498;573
1508;575
1511;578
1508;580
1502;582
1503;585
1501;587
1497;590
1495;592
1493;594
1501;598
1503;600
1506;602
1514;605
1513;607
1509;609
1506;612
1502;614
1497;616
1497;619
1499;621
1497;624
1495;626
1493;628
1493;631
1492;633
1491;635
1491;638
1493;641
1492;643
1491;646
1489;648
1491;650
1502;653
1515;655
1509;657
1505;660
1500;662
1495;665
1494;667
1493;669
1493;672
1493;674
1492;676
1492;679
1491;681
1493;684
1502;687
1511;689
1512;691
1507;694
1501;696
1495;699
1491;701
1490;703
1488;706
1488;708
1488;710
1487;713
1488;715
1488;717
1489;720
1489;722
1491;724
1491;728
1500;730
1501;732
1499;735
1506;737
1509;740
1503;742
1500;744
1496;747
1493;749
1491;751
1494;754
1505;756
1518;758
1527;761
1526;763
1520;765
1509;769
1499;771
1494;774
1490;776
1489;778
1488;781
1487;783
1487;785
1486;788
1486;790
1486;792
1487;795
1487;797
1487;799
1486;802
1486;804
1486;806
1486;809
1486;812
1486;815
1486;817
1488;819
1492;822
1495;824
1494;826
1496;829
1498;831
1504;833
1506;836
1500;838
1494;840
1495;843
1498;845
1499;848
1501;850
1511;852
1508;856
1510;858
1516;860
1509;863
1504;865
1497;867
1491;870
1488;872
1486;874
1485;877
1485;879
1484;881
1483;884
1484;886
1486;889
1487;891
1484;893
1480;897
1479;899
1480;901
1480;904
1481;906
1482;908
1490;911
1509;913
1508;915
1503;918
1501;920
1498;922
1496;925
1496;927
1496;930
1493;932
1491;934
1489;937
1488;940
1499;942
1518;945
1515;947
1510;949
1510;952
1506;954
1499;956
1493;959
1488;961
1484;964
1483;966
1483;968
1483;971
1483;973
1481;975
1478;978
1476;980
1476;983
1478;986
1480;988
1481;990
1483;993
1484;995
1484;997
1487;1000
1490;1002
1498;1005
1511;1007
1509;1009
1497;1012
1490;1014
1487;1017
1487;1019
1487;1021
1486;1025
1486;1027
1489;1030
1497;1032
1512;1034
1520;1037
1517;1039
1507;1042
1498;1044
1492;1047
1490;1049
1489;1051
1490;1054
1503;1056
1503;1059
1500;1061
1506;1063
1512;1067
1514;1069
1511;1072
1501;1074
1493;1076
1489;1079
1487;1081
1486;1084
1485;1086
1485;1088
1484;1091
1483;1093
1483;1096
1484;1098
1483;1100
1485;1103
1487;1105
1486;1108
1485;1111
1489;1113
1491;1116
1494;1118
1507;1121
1512;1123
1500;1125
1491;1128
1487;1130
1486;1133
1485;1135
1487;1138
1499;1140
1512;1142
1509;1145
1507;1147
1508;1150
1505;1153
1504;1155
1502;1158
1514;1160
1515;1163
1503;1165
1493;1167
1488;1170
1484;1172
1483;1175
1481;1177
1481;1179
1481;1182
1482;1184
1483;1187
1494;1189
1516;1191
1519;1195
1510;1197
1497;1200
1488;1202
1483;1204
1480;1207
1477;1209
1480;1212
1491;1214
1487;1216
1483;1219
1492;1221
1490;1224
1485;1226
1484;1229
1486;1231
1491;1233
1497;1236
1506;1239
1530;1242
1536;1244
1525;1246
1512;1249
1499;1251
1491;1254
1486;1256
1481;1258
1477;1261
1475;1263
1474;1266
1483;1268
1488;1270
1504;1273
1508;1275
1494;1278
1485;1281
1482;1283
1481;1286
1479;1288
1484;1291
1482;1293
1484;1295
1490;1298
1491;1300
1491;1303
1494;1305
1490;1307
1485;1310
1482;1312
1481;1315
1480;1317
1481;1319
1483;1323
1483;1325
1489;1328
1492;1330
1491;1333
1490;1335
1487;1337
1485;1340
1485;1342
1487;1345
1486;1347
1488;1349
1506;1352
1510;1354
1514;1357
1510;1359
1500;1361
1494;1364
1487;1367
1485;1370
1487;1372
1494;1374
1500;1377
1503;1379
1511;1382
1510;1384
1499;1386
1488;1389
1481;1391
1479;1394
1477;1396
1477;1398
1477;1401
1478;1403
1483;1406
1491;1409
1493;1411
1494;1414
1500;1416
1501;1419
1499;1421
1492;1423
1487;1426
1483;1428
1482;1431
1491;1433
1507;1436
1506;1438
1507;1440
1522;1443
1526;1445
1514;1448
1506;1451
1505;1453
1504;1456
1504;1458
1499;1461
1491;1463
1488;1465
1491;1468
1499;1470
1499;1473
1493;1475
1486;1477
1486;1480
1485;1482
1485;1485
1484;1487
1484;1489
1486;1492
1486;1495
1491;1498
1511;1500
1512;1502
1507;1505
1503;1507
1500;1510
1498;1512
1505;1515
1507;1517
1505;1519
1499;1522
1495;1524
1499;1527
1502;1529
1495;1531
1492;1534
1491;1537
1490;1540
1490;1542
1488;1544
1495;1547
1503;1549
1502;1552
1495;1554
1486;1556
1480;1559
1477;1561
1478;1564
1478;1566
1480;1568
1481;1571
1497;1573
1499;1576
1493;1579
1487;1581
1477;1584
1473;1586
1472;1589
1473;1591
1481;1593
1501;1596
1513;1598
1539;1601
1541;1603
1542;1606
1560;1608
1548;1610
1524;1613
1513;1615
1515;1618
1532;1620
1533;1623
1523;1626
1513;1628
1509;1631
1501;1633
1486;1635
1477;1638
1476;1640
1470;1643
1467;1645
1460;1647
1457;1650
1457;1652
1462;1655
1473;1657
1475;1659
1474;1662
1485;1665
1491;1668
1496;1670
1502;1672
1509;1675
1506;1677
1505;1680
1501;1682
1495;1684
1492;1687
1502;1689
1505;1692
1502;1694
1496;1696
1489;1699
1489;1701
1497;1704
1497;1707
1484;1709
1474;1712
1466;1714
1464;1717
1460;1719
1464;1722
1475;1724
1476;1726
1477;1729
1476;1731
1469;1734
1465;1736
1465;1738
1467;1741
1469;1743
1470;1746
1471;1748
1476;1751
1483;1754
1493;1756
1492;1759
1490;1761
1488;1763
1492;1766
1503;1768
1504;1771
1505;1773
1513;1775
1530;1778
1543;1780
1546;1783
1548;1785
1538;1787
1517;1790
1497;1793
1482;1796
1476;1798
1478;1800
1518;1803
1529;1805
1521;1808
1520;1810
1504;1812
1486;1815
1476;1817
1473;1820
1471;1822
1469;1825
1470;1827
1476;1829
1472;1832
1473;1835
1476;1838
1477;1840
1481;1842
1490;1845
1506;1847
1508;1850
1507;1852
1499;1854
1490;1857
1483;1859
1479;1862
1476;1864
1474;1866
1479;1869
1488;1871
1492;1874
1498;1876
1501;1879
1517;1882
1524;1884
1513;1887
1497;1889
1488;1891
1485;1894
1480;1896
1480;1899
1482;1901
1481;1904
1484;1906
1490;1908
1486;1911
1485;1913
1485;1916
1495;1918
1512;1921
1519;1924
1536;1926
1560;1929
1556;1931
1541;1933
1542;1936
1552;1938
1542;1941
1532;1943
1513;1945
1492;1948
1481;1950
1471;1953
1465;1955
1465;1957
1470;1960
1473;1963
1480;1966
1488;1968
1487;1970
1484;1973
1484;1975
1485;1978
1486;1980
1495;1982
1518;1985
1524;1987
1522;1990
1514;1992
1507;1995
1506;1997
1509;1999
1510;2002
1529;2004
1553;2008
1556;2010
1549;2012
1561;2015
1578;2017
1557;2020
1528;2022
1512;2024
1498;2027
1487;2029
1485;2032
1489;2034
1487;2036
1488;2039
1491;2041
1497;2044
1486;2046
1474;2049
1463;2052
1458;2054
1464;2057
1475;2059
1485;2061
1504;2064
1510;2066
1520;2069
1525;2071
1517;2073
1538;2076
1531;2078
1516;2081
1508;2083
1502;2086
1494;2088
1495;2091
1513;2094
1517;2096
1513;2099
1519;2101
1569;2103
1561;2106
1545;2108
1531;2111
1512;2113
1494;2115
1474;2118
1460;2120
1453;2123
1453;2125
1454;2127
1456;2130
1459;2132
1464;2136
1466;2138
1467;2140
1468;2143
1474;2145
1481;2148
1489;2150
1499;2152
1525;2155
1538;2157
1553;2160
1558;2162
1549;2164
1538;2167
1528;2169
1515;2172
1501;2174
1505;2178
1492;2180
1476;2182
1463;2185
1457;2187
1456;2190
1456;2192
1462;2194
1468;2197
1470;2199
1475;2202
1493;2204
1508;2206
1505;2209
1489;2211
1483;2214
1478;2216
1473;2219
1475;2222
1484;2224
1532;2227
1546;2229
1527;2231
1508;2234
1492;2236
1479;2239
1472;2241
1472;2243
1473;2246
1473;2248
1495;2251
1517;2253
1519;2255
1504;2258
1493;2260
1481;2264
1472;2266
1467;2269
1465;2271
1469;2273
1477;2276
1480;2278
1478;2281
1484;2283
1495;2285
1490;2288
1482;2290
1476;2293
1473;2295
1472;2297
1472;2300
1483;2302
1495;2306
1498;2308
1510;2310
1517;2313
1510;2315
1500;2318
1503;2320
1496;2322
1496;2325
1488;2327
1484;2330
1478;2332
1472;2334
1471;2337
1468;2339
1475;2342
1482;2344
1485;2348
1474;2350
1472;2352
1477;2355
1488;2357
1504;2360
1504;2362
1497;2364
1490;2367
1495;2369
1509;2372
1510;2374
1506;2376
1497;2379
1486;2381
1479;2384
1472;2386
1470;2388
1481;2392
1488;2394
1498;2397
1493;2399
1484;2401
1481;2404
1479;2406
1483;2409
1502;2411
1498;2413
1484;2416
1479;2418
1488;2421
1492;2423
1497;2426
1487;2428
1478;2430
1474;2434
1477;2436
1489;2439
1489;2441
1484;2443
1479;2446
1475;2448
1476;2451
1476;2453
1477;2455
1481;2458
1499;2460
1511;2463
1525;2465
1518;2467
1504;2470
1493;2472
1489;2476
1485;2478
1497;2480
1507;2483
1499;2485
1488;2488
1482;2490
1478;2492
1492;2495
1506;2497
1495;2500
1483;2502
1477;2504
1474;2507
1473;2509
1477;2512
1488;2514
1491;2518
1489;2520
1489;2522
1482;2525
1477;2527
1474;2530
1477;2532
1498;2534
1512;2537
1533;2539
1545;2542
1538;2544
1525;2546
1512;2549
1498;2551
1491;2554
1499;2556
1502;2558
1509;2562
1509;2564
1506;2567
1493;2569
1482;2571
1474;2574
1478;2576
1480;2579
1488;2581
1500;2583
1506;2586
1505;2588
1511;2591
1498;2593
1489;2595
1483;2598
1484;2600
1481;2604
1477;2606
1483;2609
1492;2611
1490;2613
1490;2616
1507;2618
1507;2621
1500;2623
1519;2625
1531;2628
1523;2630
1508;2633
1490;2635
1478;2637
1470;2640
1469;2642
1473;2646
1482;2648
1503;2650
1506;2653
1511;2655
1516;2658
1508;2660
1497;2662
1485;2665
1476;2667
1474;2670
1475;2672
1481;2674
1499;2677
1502;2679
1492;2682
1483;2684
1476;2686
1475;2690
1477;2692
1484;2695
1509;2697
1556;2700
1569;2702
1552;2704
1530;2707
1510;2709
1497;2712
1489;2714
1490;2716
1498;2719
1502;2721
1507;2724
1523;2726
1503;2728
1484;2732
1476;2734
1474;2737
1478;2739
1491;2741
1503;2744
1513;2746
1504;2749
1490;2751
1493;2753
1500;2756
1491;2758
1483;2761
1480;2763
1478;2765
1482;2768
1486;2770
1508;2774
1535;2776
1534;2779
1524;2781
1510;2783
1494;2786
1488;2788
1501;2791
1508;2793
1501;2795
1494;2798
1486;2800
1484;2803
1478;2805
1477;2807
1480;2810
1486;2812
1505;2816
1516;2818
1507;2820
1497;2823
1488;2825
1485;2828
1492;2830
1505;2832
1508;2835
1502;2837
1496;2840
1487;2842
1482;2844
1484;2847
1507;2849
1510;2852
1499;2854
1494;2856
1487;2860
1482;2862
1480;2865
1484;2867
1493;2870
1498;2872
1504;2874
1514;2877
1517;2879
1528;2882
1522;2884
1517;2886
1503;2889
1488;2891
1478;2894
1473;2896
1471;2898
1476;2902
1480;2904
1474;2907
1472;2909
1477;2911
1496;2914
1520;2916
1532;2919
1520;2921
1506;2923
1511;2926
1500;2928
1489;2931
1490;2933
1498;2935
1497;2938
1490;2940
1486;2944
1483;2946
1487;2949
1488;2951
1494;2953
1504;2956
1507;2958
1518;2961
1521;2963
1517;2965
1505;2968
1495;2970
1494;2973
1494;2975
1481;2977
1471;2980
1464;2982
1463;2985
1467;2988
1477;2990
1519;2993
1541;2995
1517;2998
1500;3000
1486;3002
1481;3005
1479;3007
1481;3010
1501;3012
1516;3014
1510;3017
1501;3019
1495;3022
1488;3024
1492;3027
1507;3030
1540;3032
1542;3035
1519;3037
1500;3040
1490;3042
1485;3044
1492;3047
1492;3049
1487;3052
1487;3054
1506;3056
1516;3059
1505;3061
1489;3064
1476;3066
1475;3068
1479;3072
1478;3074
1474;3077
1474;3079
1487;3081
1497;3084
1497;3086
1487;3089
1480;3091
1479;3093
1483;3096
1487;3098
1500;3101
1525;3103
1543;3106
1533;3108
1515;3110
1502;3113
1488;3116
1480;3119
1476;3121
1481;3123
1485;3126
1479;3128
1479;3131
1486;3133
1497;3135
1511;3138
1509;3140
1496;3143
1491;3145
1483;3147
1480;3150
1489;3152
1546;3155
1560;3158
1536;3160
1519;3163
1506;3165
1495;3168
1497;3170
1494;3173
1488;3175
1482;3177
1478;3180
1484;3182
1487;3185
1483;3187
1478;3189
1477;3192
1480;3194
1480;3197
1478;3200
1472;3202
1471;3205
1482;3207
1499;3210
1515;3212
1538;3214
1522;3217
1499;3219
1484;3222
1480;3224
1481;3226
1499;3229
1511;3231
1509;3234
1507;3236
1503;3238
1501;3241
1502;3244
1503;3247
1506;3249
1508;3252
1507;3254
1516;3256
1521;3259
1513;3261
1501;3264
1490;3266
1494;3268
1492;3271
1494;3273
1491;3276
1482;3278
1486;3280
1484;3283
1484;3286
1486;3289
1499;3291
1515;3293
1513;3296
1504;3298
1498;3301
1497;3303
1552;3305
1558;3308
1529;3310
1509;3313
1493;3315
1487;3317
1499;3320
1503;3322
1498;3325
1493;3328
1484;3330
1491;3333
1487;3335
1487;3338
1484;3340
1479;3342
1483;3345
1506;3347
1515;3350
1510;3352
1509;3355
1506;3357
1499;3359
1494;3362
1493;3364
1493;3367
1501;3369
1505;3372
1505;3375
1500;3377
1499;3380
1501;3382
1494;3384
1494;3387
1491;3389
1490;3392
1494;3394
1501;3396
1510;3399
1499;3401
1490;3404
1491;3406
1504;3408
1510;3411
1507;3414
1498;3417
1489;3419
1482;3421
1482;3424
1487;3426
1487;3429
1495;3431
1509;3434
1502;3436
1495;3438
1493;3441
1497;3443
1522;3446
1531;3448
1523;3450
1519;3453
1515;3456
1506;3459
1503;3461
1501;3463
1505;3466
1510;3468
1502;3471
1491;3473
1490;3475
1501;3478
1527;3480
1532;3483
1518;3485
1502;3487
1488;3490
1483;3492
1490;3495
1478;3497
1467;3500
1465;3503
1469;3505
1480;3508
1498;3510
1516;3513
1514;3515
1501;3517
1494;3520
1493;3522
1498;3525
1502;3527
1495;3529
1490;3532
1506;3534
1540;3537
1551;3539
1528;3542
1507;3545
1493;3547
1481;3550
1474;3552
1472;3554
1485;3557
1495;3559
1493;3562
1487;3564
1481;3566
1479;3569
1476;3571
1476;3574
1485;3576
1540;3578
1545;3581
1517;3584
1496;3587
1481;3589
1478;3591
1489;3594
1530;3596
1539;3599
1524;3601
1500;3604
1492;3606
1484;3608
1481;3611
1481;3613
1500;3616
1517;3618
1515;3620
1502;3623
1485;3625
1480;3629
1510;3631
1502;3633
1485;3636
1481;3638
1480;3641
1476;3643
1477;3645
1480;3648
1482;3650
1484;3653
1488;3655
1499;3657
1501;3660
1490;3662
1480;3665
1477;3667
1476;3670
1492;3673
1509;3675
1538;3678
1572;3680
1553;3683
1521;3685
1503;3687
1504;3690
1496;3692
1494;3695
1493;3697
1498;3699
1508;3702
1512;3704
1508;3707
1496;3709
1482;3712
1472;3715
1473;3717
1474;3720
1480;3722
1489;3724
1495;3727
1493;3729
1484;3732
1490;3734
1510;3736
1523;3739
1522;3741
1531;3744
1537;3746
1540;3748
1538;3751
1538;3753
1534;3757
1526;3759
1518;3762
1496;3764
1486;3766
1490;3769
1475;3771
1467;3774
1465;3776
1466;3778
1482;3781
1513;3783
1514;3786
1507;3788
1513;3790
1509;3793
1489;3795
1471;3799
1463;3801
1462;3803
1469;3806
1478;3808
1481;3811
1490;3813
1493;3815
1495;3818
1508;3820
1509;3823
1496;3825
1482;3827
1479;3830
1482;3832
1489;3835
1524;3837
1550;3841
1527;3843
1505;3845
1484;3848
1472;3850
1469;3853
1475;3855
1472;3857
1468;3860
1476;3862
1509;3865
1508;3867
1499;3869
1483;3872
1476;3874
1476;3877
1478;3879
1495;3881
1505;3885
1505;3887
1504;3890
1496;3892
1498;3894
1514;3897
1523;3899
1507;3902
1493;3904
1482;3906
1476;3909
1478;3911
1498;3914
1514;3916
1525;3919
1518;3921
1519;3923
1502;3927
1479;3929
1476;3932
1478;3934
1469;3936
1463;3939
1462;3941
1472;3944
1477;3946
1481;3948
1502;3951
1495;3953
1485;3956
1474;3958
1468;3960
1471;3963
1490;3965
1503;3969
1504;3971
1508;3973
1508;3976
1507;3978
1519;3981
1529;3983
1548;3986
1548;3988
1520;3990
1491;3993
1472;3995
1465;3998
1466;4000
1476;4002
1504;4005
1513;4007
1500;4011
1482;4013
1474;4015
1475;4018
1479;4020
1499;4023
1515;4025
1511;4027
1500;4030
1487;4032
1479;4035
1488;4037
1491;4039
1490;4042
1497;4044
1502;4047
1497;4049
1490;4051
1495;4055
1497;4057
1497;4060
1501;4062
1517;4064
1517;4067
1505;4069
1488;4072
1475;4074
1474;4077
1489;4079
1519;4081
1558;4084
1552;4086
1511;4089
1489;4091
1477;4093
1471;4097
1471;4099
1468;4102
1467;4104
1466;4106
1473;4109
1489;4111
1512;4114
1506;4116
1505;4118
1497;4121
1483;4123
1479;4126
1484;4128
1498;4130
1522;4133
1529;4135
1520;4139
1513;4141
1508;4143
1497;4146
1478;4148
1466;4151
1460;4153
1462;4156
1470;4158
1475;4160
1475;4163
1473;4165
1479;4168
1477;4170
1480;4172
1491;4175
1481;4177
1473;4180
1471;4183
1474;4185
1483;4188
1484;4190
1484;4193
1484;4195
1481;4197
1485;4200
1509;4202
1532;4205
1511;4207
1491;4209
1484;4212
1471;4214
1467;4217
1472;4219
1480;4221
1497;4225
1511;4227
1521;4230
1520;4232
1497;4234
1481;4237
1476;4239
1474;4242
1485;4244
1499;4247
1499;4249
1497;4251
1493;4254
1498;4256
1511;4259
1540;4261
1547;4263
1529;4267
1511;4269
1506;4272
1526;4274
1541;4276
1523;4279
1508;4281
1505;4284
1517;4286
1511;4288
1504;4291
1494;4293
1487;4296
1483;4298
1478;4300
1476;4303
1494;4305
1507;4308
1532;4311
1547;4313
1529;4316
1508;4318
1497;4321
1481;4323
1476;4326
1483;4328
1486;4330
1487;4333
1487;4335
1494;4338
1499;4340
1497;4342
1490;4345
1491;4347
1494;4350
1511;4353
1509;4355
1498;4358
1494;4360
1499;4363
1519;4365
1532;4367
1518;4370
1502;4372
1495;4375
1500;4377
1500;4379
1497;4382
1493;4384
1510;4387
1534;4389
1506;4391
1485;4395
1481;4397
1478;4400
1476;4402
1477;4405
1509;4407
1549;4409
1527;4412
1505;4414
1499;4417
1497;4419
1499;4421
1489;4424
1477;4426
1471;4429
1476;4431
1497;4433
1525;4436
1545;4439
1534;4442
1518;4444
1502;4446
1488;4449
1476;4451
1469;4454
1466;4456
1468;4458
1470;4461
1469;4463
1466;4466
1469;4468
1475;4470
1477;4473
1492;4475
1518;4478
1512;4481
1495;4484
1487;4486
1482;4488
1476;4491
1475;4493
1479;4496
1486;4498
1500;4500
1507;4503
1501;4505
1490;4508
1480;4510
1481;4512
1483;4515
1497;4517
1534;4520
1541;4523
1512;4525
1499;4528
1497;4530
1494;4533
1495;4535
1502;4537
1506;4540
1507;4542
1499;4545
1493;4547
1507;4549
1533;4552
1530;4554
1529;4557
1529;4559
1540;4562
1553;4564
1529;4567
1506;4570
1500;4572
1508;4575
1507;4577
1507;4579
1507;4582
1498;4584
1480;4587
1472;4589
1471;4591
1482;4594
1492;4596
1494;4599
1496;4601
1495;4603
1504;4606
1505;4609
1490;4612
1484;4614
1487;4616
1488;4619
1487;4621
1482;4624
1478;4626
1480;4629
1499;4631
1532;4633
1547;4636
1533;4638
1512;4641
1496;4643
1492;4645
1499;4648
1523;4651
1521;4654
1502;4656
1489;4658
1484;4661
1482;4663
1485;4666
1513;4668
1508;4670
1501;4673
1493;4675
1485;4678
1485;4680
1491;4682
1494;4685
1498;4687
1500;4690
1497;4692
1493;4695
1515;4698
1522;4700
1499;4703
1485;4705
1479;4708
1473;4710
1469;4712
1467;4715
1470;4717
1474;4720
1477;4722
1479;4724
1501;4727
1524;4729
1545;4732
1516;4734
1492;4737
1485;4740
1483;4742
1489;4745
1525;4747
1548;4749
1530;4752
1508;4754
1489;4757
1477;4759
1472;4761
1470;4764
1473;4766
1473;4769
1469;4771
1466;4774
1468;4776
1471;4779
1473;4782
1471;4784
1467;4787
1464;4789
1466;4791
1478;4794
1504;4796
1524;4799
1529;4801
1546;4803
1554;4806
1556;4808
1574;4811
1552;4813
1521;4815
1502;4818
1490;4820
1489;4824
1476;4826
1463;4828
1458;4831
1462;4833
1465;4836
1470;4838
1476;4840
1523;4843
1544;4845
1522;4848
1504;4850
1494;4853
1499;4855
1500;4857
1497;4860
1490;4862
1483;4866
1485;4868
1487;4870
1488;4873
1483;4875
1479;4878
1481;4880
1498;4882
1523;4885
1541;4887
1543;4890
1522;4892
1519;4894
1546;4897
1574;4899
1577;4902
1561;4904
1531;4907
1511;4910
1500;4912
1494;4915
1532;4917
1541;4919
1508;4922
1491;4924
1495;4927
1492;4929
1490;4931
1496;4934
1511;4936
1513;4939
1522;4941
1570;4944
1573;4946
1587;4948
1585;4952
1562;4954
1540;4957
1526;4959
1512;4961
1502;4964
1501;4966
1490;4969
1479;4971
1484;4973
1475;4976
1449;4978
1435;4981
1438;4983
1437;4985
1437;4988
1441;4990
1451;4994
1468;4996
1527;4998
1539;5001
1515;5003
1501;5006
1472;5008
1449;5011
1444;5013
1469;5015
1514;5018
1539;5020
1526;5023
1505;5025
1481;5027
1475;5030
1494;5032
1499;5036
1493;5038
1477;5040
1464;5043
1454;5045
1455;5048
1488;5050
1493;5052
1505;5055
1533;5057
1560;5060
1534;5062
1500;5064
1471;5067
1454;5069
1451;5072
1459;5074
1475;5076
1518;5080
1527;5082
1493;5085
1462;5087
1448;5090
1446;5092
1456;5094
1486;5097
1489;5099
1486;5102
1497;5104
1491;5106
1475;5109
1476;5111
1480;5114
1485;5116
1487;5118
1494;5122
1493;5124
1505;5127
1527;5129
1523;5131
1506;5134
1487;5136
1473;5139
1466;5141
1501;5143
1548;5146
1526;5148
1506;5151
1482;5153
1468;5156
1478;5158
1502;5160
1510;5164
1493;5166
1477;5169
1475;5171
1473;5173
1476;5176
1472;5178
1467;5181
1474;5183
1503;5185
1509;5188
1494;5190
1495;5193
1494;5195
1485;5197
1490;5200
1492;5202
1484;5206
1486;5208
1494;5210
1487;5213
1480;5215
1471;5218
1472;5220
1491;5222
1520;5225
1510;5227
1495;5230
1505;5232
1499;5234
1521;5237
1541;5239
1520;5242
1490;5244
1468;5248
1456;5250
1453;5252
1491;5255
1508;5257
1491;5260
1484;5262
1495;5264
1494;5267
1489;5269
1493;5272
1496;5274
1500;5276
1493;5279
1477;5281
1470;5284
1465;5286
1466;5288
1482;5292
1487;5294
1489;5297
1489;5299
1483;5301
1488;5304
1494;5306
1482;5309
1468;5311
1466;5313
1458;5316
1448;5318
1443;5321
1447;5323
1467;5325
1539;5328
1544;5330
1525;5334
1501;5336
1479;5339
1472;5341
1474;5343
1504;5346
1538;5348
1525;5351
1496;5353
1492;5355
1496;5358
1485;5360
1492;5363
1504;5365
1515;5367
1518;5370
1501;5372
1483;5376
1472;5378
1472;5380
1477;5383
1496;5385
1525;5388
1506;5390
1484;5392
1467;5395
1461;5397
1477;5400
1511;5402
1521;5404
1531;5407
1519;5409
1499;5412
1480;5414
1479;5417
1477;5420
1467;5422
1462;5425
1459;5427
1464;5430
1469;5432
1523;5434
1555;5437
1543;5439
1519;5442
1497;5444
1479;5446
1470;5449
1480;5451
1485;5454
1479;5456
1475;5458
1475;5462
1468;5464
1473;5467
1472;5469
1474;5471
1497;5474
1494;5476
1492;5479
1525;5481
1523;5483
1503;5486
1484;5488
1470;5491
1469;5493
1472;5495
1481;5498
1490;5500
1500;5504
1496;5506
1487;5509
1490;5511
1499;5513
1504;5516
1513;5518
1505;5521
1489;5523
1477;5525
1472;5528
1472;5530
1499;5533
1537;5535
1532;5537
1507;5540
1481;5542
1465;5545
1462;5548
1464;5550
1469;5553
1477;5555
1491;5558
1514;5560
1511;5562
1504;5565
1492;5567
1486;5570
1490;5572
1510;5574
1524;5577
1527;5579
1516;5582
1504;5584
1497;5587
1502;5590
1508;5592
1506;5595
1506;5597
1503;5600
1490;5602
1479;5604
1474;5607
1472;5609
1474;5612
1496;5614
1517;5616
1503;5619
1486;5621
1477;5624
1477;5626
1478;5628
1480;5632
1488;5634
1508;5637
1519;5639
1517;5641
1508;5644
1513;5646
1518;5649
1512;5651
1512;5654
1508;5656
1502;5658
1520;5661
1577;5663
1563;5666
1530;5668
1511;5670
1490;5673
1480;5676
1473;5679
1473;5681
1477;5683
1491;5686
1491;5688
1484;5691
1480;5693
1473;5695
1466;5698
1464;5700
1467;5703
1476;5705
1495;5707
1536;5710
1567;5712
1588;5715
1558;5718
1518;5720
1495;5723
1484;5725
1478;5728
1482;5730
1495;5733
1497;5735
1488;5737
1482;5740
1480;5742
1482;5745
1504;5747
1530;5749
1545;5752
1522;5754
1498;5757
1486;5760
1479;5762
1477;5765
1482;5767
1487;5770
1488;5772
1501;5774
1505;5777
1494;5779
1484;5782
1497;5784
1508;5786
1509;5789
1514;5791
1506;5794
1494;5796
1483;5798
1481;5801
1487;5804
1499;5807
1513;5809
1515;5812
1514;5814
1504;5816
1495;5819
1493;5821
1511;5824
1523;5826
1525;5828
1515;5831
1502;5833
1497;5836
1500;5838
1516;5840
1518;5843
1507;5846
1503;5849
1537;5851
1562;5853
1573;5856
1583;5858
1544;5861
1500;5863
1488;5865
1484;5868
1549;5870
1567;5873
1544;5875
1521;5877
1494;5880
1480;5882
1475;5885
1468;5888
1465;5891
1468;5893
1469;5895
1467;5898
1475;5900
1491;5903
1518;5905
1524;5907
1510;5910
1494;5912
1492;5915
1523;5917
1544;5919
1539;5922
1528;5924
1526;5927
1519;5929
1501;5932
1487;5935
1493;5937
1509;5940
1519;5942
1499;5944
1480;5947
1471;5949
1457;5952
1450;5954
1451;5957
1461;5959
1462;5961
1463;5964
1474;5966
1477;5969
1476;5971
1480;5974
1480;5977
1481;5979
1485;5982
1492;5984
1497;5986
1504;5989
1504;5991
1512;5994
1530;5996
1540;5998
1535;6001
1533;6003
1529;6006
1528;6008
1515;6010
1498;6013
1479;6016
1467;6019
1464;6021
1469;6023
1493;6026
1529;6028
1524;6031
1513;6033
1505;6036
1499;6038
1490;6040
1486;6043
1496;6045
1492;6048
1495;6050
1521;6052
1508;6055
1489;6057
1477;6061
1473;6063
1481;6065
1492;6068
1520;6070
1509;6073
1495;6075
1489;6077
1501;6080
1512;6082
1529;6085
1520;6087
1509;6089
1519;6092
1504;6094
1499;6097
1493;6099
1487;6103
1484;6105
1487;6107
1502;6110
1504;6112
1495;6115
1481;6117
1472;6119
1466;6122
1472;6124
1482;6127
1505;6129
1512;6131
1511;6134
1532;6136
1548;6139
1530;6141
1511;6144
1494;6147
1483;6149
1496;6152
1515;6154
1508;6156
1493;6159
1484;6161
1480;6164
1473;6166
1476;6168
1488;6171
1479;6173
1482;6176
1493;6178
1488;6181
1488;6183
1487;6185
1485;6189
1485;6191
1490;6194
1489;6196
1484;6198
1498;6201
1503;6203
1503;6206
1499;6208
1503;6210
1558;6213
1587;6215
1565;6218
1538;6220
1516;6222
1497;6225
1486;6227
1489;6231
1503;6233
1505;6235
1506;6238
1496;6240
1486;6243
1481;6245
1482;6247
1478;6250
1528;6252
1540;6255
1525;6257
1513;6260
1504;6262
1493;6264
1480;6267
1471;6269
1480;6273
1516;6275
1522;6277
1511;6280
1508;6282
1498;6285
1503;6287
1516;6289
1551;6292
1551;6294
1531;6297
1513;6299
1501;6301
1515;6304
1522;6306
1496;6309
1514;6311
1521;6315
1552;6317
1570;6319
1568;6322
1539;6324
1564;6327
1580;6329
1552;6331
1521;6334
1494;6336
1469;6339
1454;6341
1456;6343
1476;6346
1536;6348
1545;6351
1533;6353
1519;6355
1502;6359
1489;6361
1492;6364
1470;6366
1455;6368
1461;6371
1463;6373
1477;6376
1508;6378
1514;6381
1510;6383
1508;6385
1495;6388
1481;6390
1477;6393
1495;6395
1514;6397
1543;6401
1532;6403
1495;6406
1473;6408
1473;6410
1507;6413
1500;6415
1481;6418
1464;6420
1460;6422
1465;6425
1478;6427
1493;6430
1497;6432
1478;6434
1468;6437
1464;6439
1482;6443
1480;6445
1472;6447
1472;6450
1474;6452
1476;6455
1475;6457
1490;6459
1513;6462
1520;6464
1509;6467
1495;6469
1512;6472
1554;6474
1574;6476
1565;6479
1536;6481
1506;6484
1474;6487
1460;6489
1457;6492
1471;6494
1533;6497
1533;6499
1500;6501
1479;6504
1466;6506
1460;6509
1467;6511
1483;6513
1480;6516
1463;6518
1455;6521
1452;6523
1457;6525
1463;6529
1474;6531
1528;6534
1598;6536
1590;6538
1538;6541
1500;6543
1479;6546
1479;6548
1506;6550
1498;6553
1476;6555
1465;6558
1482;6560
1523;6563
1534;6565
1504;6567
1483;6571
1464;6573
1454;6576
1475;6578
1505;6580
1490;6583
1478;6585
1466;6588
1458;6590
1458;6592
1471;6595
1472;6597
1473;6600
1484;6602
1492;6604
1506;6607
1511;6609
1503;6612
1493;6615
1491;6617
1489;6620
1494;6622
1512;6625
1493;6627
1480;6629
1475;6632
1480;6634
1493;6637
1545;6639
1568;6641
1546;6644
1516;6646
1483;6649
1469;6651
1461;6654
1467;6657
1506;6659
1513;6662
1510;6664
1531;6667
1539;6669
1522;6671
1511;6674
1508;6676
1535;6679
1547;6681
1552;6683
1613;6686
1590;6688
1553;6691
1506;6693
1476;6695
1479;6699
1490;6701
1469;6704
1450;6706
1445;6708
1439;6711
1441;6713
1441;6716
1438;6718
1444;6721
1450;6723
1453;6725
1471;6728
1482;6730
1476;6733
1480;6735
1486;6737
1526;6740
1615;6743
1605;6746
1553;6748
1513;6750
1479;6753
1465;6755
1456;6758
1457;6760
1476;6762
1485;6765
1506;6767
1563;6770
1552;6772
1516;6774
1484;6777
1462;6779
1454;6782
1452;6785
1451;6787
1457;6790
1495;6792
1517;6795
1506;6797
1489;6799
1474;6802
1471;6804
1480;6807
1522;6809
1563;6812
1547;6814
1543;6816
1517;6819
1479;6821
1458;6824
1448;6827
1448;6829
1457;6832
1468;6834
1474;6837
1477;6839
1477;6841
1495;6844
1519;6846
1513;6849
1537;6851
1593;6853
1596;6856
1555;6858
1516;6861
1486;6863
1464;6865
1453;6868
1453;6871
1476;6874
1488;6876
1484;6878
1469;6881
1458;6883
1457;6886
1464;6888
1471;6891
1484;6893
1483;6895
1472;6898
1484;6900
1494;6903
1487;6905
1494;6907
1504;6910
1512;6913
1536;6916
1536;6918
1530;6920
1515;6923
1500;6925
1485;6928
1474;6930
1477;6932
1508;6935
1518;6937
1501;6940
1522;6942
1513;6944
1510;6947
1535;6949
1533;6952
1529;6955
1520;6958
1500;6960
1485;6962
1477;6965
1470;6967
1465;6970
1466;6972
1466;6974
1495;6977
1543;6979
1516;6982
1486;6984
1475;6986
1468;6989
1464;6991
1483;6994
1525;6996
1510;6999
1496;7002
1489;7004
1507;7007
1512;7009
1516;7011
1552;7014
1558;7016
1552;7019
1548;7021
1516;7024
1485;7026
1550;7028
1590;7031
1577;7033
1572;7036
1533;7038
1477;7041
1444;7044
1432;7046
1438;7049
1445;7051
1465;7053
1479;7056
1489;7058
1477;7061
1481;7063
1556;7065
1633;7068
1592;7070
1550;7073
1521;7075
1503;7077
1524;7080
1525;7083
1518;7086
1519;7088
1517;7090
1506;7093
1510;7095
1497;7098
1475;7100
1464;7103
1478;7105
1477;7107
1469;7110
1474;7112
1474;7115
1474;7117
1503;7119
1487;7122
1473;7124
1466;7128
1492;7130
1576;7132
1633;7135
1599;7137
1534;7140
1480;7142
1476;7144
1458;7147
1451;7149
1478;7152
1471;7154
1466;7156
1466;7159
1496;7161
1596;7164
1630;7166
1579;7170
1517;7172
1485;7174
1474;7177
1471;7179
1466;7182
1470;7184
1504;7186
1554;7189
1572;7191
1513;7194
1473;7196
1451;7198
1440;7201
1466;7203
1472;7206
1460;7208
1449;7211
1443;7214
1445;7216
1468;7219
1493;7221
1500;7223
1486;7226
1470;7228
1456;7231
1450;7233
1452;7235
1473;7238
1503;7240
1508;7243
1478;7245
1457;7248
1453;7250
1477;7252
1538;7256
1527;7258
1523;7261
1537;7263
1502;7265
1484;7268
1459;7270
1442;7273
1437;7275
1445;7277
1466;7280
1486;7282
1520;7285
1505;7287
1472;7289
1451;7292
1444;7294
1446;7298
1463;7300
1473;7302
1482;7305
1492;7307
1479;7310
1470;7312
1462;7314
1465;7317
1487;7319
1506;7322
1519;7324
1544;7327
1540;7329
1522;7331
1508;7334
1497;7336
1505;7340
1520;7342
1514;7344
1514;7347
1503;7349
1499;7352
1488;7354
1459;7356
1443;7359
1447;7361
1449;7364
1441;7366
1433;7368
1435;7371
1447;7373
1465;7376
1505;7378
1508;7380
1492;7384
1487;7386
1485;7389
1480;7391
1473;7393
1488;7396
1495;7398
1521;7401
1507;7403
1497;7406
1551;7408
1627;7410
1569;7413
1511;7415
1486;7418
1464;7420
1450;7422
1450;7426
1450;7428
1459;7431
1475;7433
1479;7435
1475;7438
1465;7440
1452;7443
1446;7445
1446;7447
1460;7450
1490;7452
1473;7455
1450;7457
1442;7459
1438;7462
1452;7464
1505;7468
1541;7470
1528;7473
1492;7475
1465;7477
1452;7480
1450;7482
1480;7485
1476;7487
1475;7489
1524;7492
1536;7494
1532;7497
1524;7499
1497;7501
1473;7504
1483;7506
1504;7510
1501;7512
1526;7514
1549;7517
1521;7519
1497;7522
1480;7524
1459;7526
1443;7529
1442;7531
1470;7534
1470;7536
1456;7539
1454;7541
1460;7543
1459;7546
1451;7548
1451;7552
1474;7554
1541;7556
1606;7559
1614;7561
1587;7564
1551;7566
1500;7568
1466;7571
1450;7573
1463;7576
1505;7578
1513;7580
1503;7583
1503;7585
1492;7588
1481;7590
1478;7592
1482;7596
1491;7598
1490;7601
1470;7603
1454;7606
1447;7608
1452;7610
1446;7613
1446;7615
1481;7618
1486;7620
1479;7622
1485;7625
1494;7627
1492;7630
1511;7632
1503;7634
1499;7638
1511;7640
1500;7643
1496;7645
1504;7647
1564;7650
1591;7652
1557;7655
1525;7657
1487;7659
1462;7662
1454;7664
1452;7667
1455;7669
1490;7672
1507;7674
1492;7676
1476;7680
1466;7682
1459;7685
1455;7687
1454;7689
1457;7692
1479;7694
1507;7697
1523;7699
1552;7701
1534;7704
1514;7706
1502;7709
1508;7711
1507;7713
1537;7716
1548;7718
1511;7721
1482;7724
1472;7726
1480;7729
1533;7731
1575;7734
1555;7736
1516;7738
1475;7741
1458;7743
1451;7746
1457;7748
1478;7751
1518;7753
1511;7755
1487;7758
1471;7760
1463;7763
1465;7766
1472;7768
1478;7771
1499;7773
1526;7776
1506;7778
1492;7780
1483;7783
1483;7785
1486;7788
1489;7790
1530;7792
1544;7795
1535;7797
1556;7800
1563;7802
1528;7804
1512;7808
1546;7810
1550;7813
1534;7815
1536;7818
1539;7820
1516;7822
1498;7825
1487;7827
1494;7830
1500;7832
1528;7834
1562;7837
1548;7839
1513;7842
1489;7844
1473;7846
1464;7849
1460;7852
1455;7855
1451;7857
1451;7859
1464;7862
1476;7864
1485;7867
1493;7869
1525;7871
1545;7874
1546;7876
1564;7879
1573;7881
1554;7884
1559;7886
1549;7888
1512;7891
1489;7894
1474;7897
1486;7899
1477;7901
1463;7904
1460;7906
1457;7909
1464;7911
1511;7913
1531;7916
1505;7918
1487;7921
1480;7923
1466;7925
1457;7928
1458;7930
1473;7933
1489;7936
1502;7938
1500;7941
1501;7943
1516;7946
1529;7948
1527;7951
1504;7953
1489;7955
1494;7958
1510;7960
1508;7963
1557;7965
1593;7967
1544;7970
1488;7972
1467;7975
1456;7977
1452;7980
1467;7983
1488;7985
1488;7988
1490;7990
1503;7992
1528;7995
1528;7997
1503;8000
1488;8002
1465;8004
1454;8007
1461;8009
1477;8012
1499;8014
1509;8016
1495;8019
1478;8022
1487;8025
1488;8027
1486;8030
1490;8032
1508;8034
1531;8037
1541;8039
1544;8042
1535;8044
1571;8046
1584;8049
1531;8051
1507;8054
1496;8056
1480;8058
1483;8061
1502;8064
1526;8067
1536;8069
1523;8071
1503;8074
1484;8076
1470;8079
1477;8081
1482;8083
1475;8086
1466;8088
1451;8091
1443;8093
1442;8095
1449;8098
1475;8100
1544;8103
1580;8105
1561;8108
1532;8111
1523;8113
1538;8116
1583;8118
1590;8121
1548;8123
1530;8125
1543;8128
1516;8130
1492;8133
1475;8135
1459;8137
1463;8140
1470;8142
1474;8145
1497;8147
1505;8150
1486;8153
1476;8155
1481;8158
1475;8160
1468;8162
1468;8165
1476;8167
1471;8170
1469;8172
1485;8174
1500;8177
1503;8179
1511;8182
1520;8184
1514;8186
1532;8189
1538;8192
1539;8195
1543;8197
1544;8200
1514;8202
1493;8204
1484;8207
1477;8209
1508;8212
1562;8214
1554;8216
1517;8219
1500;8221
1492;8224
1500;8226
1508;8228
1492;8231
1473;8233
1464;8237
1473;8239
1475;8241
1462;8244
1453;8246
1452;8249
1461;8251
1472;8253
1505;8256
1543;8258
1526;8261
1496;8263
1475;8266
1469;8268
1498;8270
1560;8273
1580;8275
1558;8279
1517;8281
1495;8283
1516;8286
1519;8288
1506;8291
1497;8293
1485;8295
1467;8298
1468;8300
1507;8303
1510;8305
1492;8307
1480;8310
1471;8312
1466;8315
1465;8317
1467;8320
1480;8323
1476;8325
1474;8328
1496;8330
1522;8332
1523;8335
1522;8337
1519;8340
1503;8342
1492;8345
1489;8347
1510;8349
1551;8352
1563;8354
1537;8357
1505;8359
1470;8361
1466;8365
1495;8367
1541;8370
1536;8372
1511;8374
1497;8377
1482;8379
1473;8382
1498;8384
1519;8386
1495;8389
1476;8391
1465;8394
1460;8396
1469;8398
1509;8401
1507;8403
1490;8407
1477;8409
1468;8411
1464;8414
1468;8416
1494;8419
1526;8421
1552;8424
1573;8426
1569;8428
1531;8431
1504;8433
1474;8436
1464;8438
1473;8440
1460;8443
1458;8445
1478;8449
1571;8451
1599;8453
1537;8456
1494;8458
1471;8461
1464;8463
1458;8465
1469;8468
1479;8470
1477;8473
1476;8475
1471;8477
1471;8480
1473;8482
1481;8485
1503;8487
1506;8489
1501;8493
1504;8495
1514;8498
1515;8500
1523;8502
1532;8505
1519;8507
1504;8510
1525;8512
1536;8515
1508;8517
1488;8519
1474;8522
1469;8524
1460;8527
1456;8529
1460;8531
1483;8535
1484;8537
1469;8540
1461;8542
1462;8544
1466;8547
1470;8549
1470;8552
1472;8554
1498;8556
1520;8559
1521;8561
1521;8564
1527;8566
1515;8568
1531;8571
1529;8573
1506;8577
1514;8579
1516;8582
1526;8584
1552;8586
1550;8589
1521;8591
1490;8594
1468;8596
1462;8598
1461;8601
1461;8603
1464;8606
1488;8608
1548;8610
1564;8613
1531;8615
1511;8619
1488;8621
1469;8623
1461;8626
1463;8628
1471;8631
1477;8633
1505;8635
1536;8638
1518;8640
1502;8643
1493;8645
1489;8648
1491;8650
1498;8652
1508;8655
1526;8657
1525;8660
1496;8663
1468;8665
1458;8668
1457;8670
1473;8673
1501;8675
1546;8677
1518;8680
1491;8682
1473;8685
1463;8687
1461;8689
1475;8692
1491;8694
1483;8697
1478;8699
1483;8701
1494;8705
1491;8707
1465;8710
1456;8712
1457;8714
1462;8717
1478;8719
1540;8722
1581;8724
1572;8727
1534;8729
1501;8731
1486;8734
1478;8736
1484;8739
1494;8741
1515;8743
1528;8747
1520;8749
1535;8752
1560;8754
1526;8756
1495;8759
1479;8761
1468;8764
1464;8766
1473;8768
1497;8771
1498;8773
1486;8776
1473;8778
1463;8780
1459;8783
1460;8785
1490;8788
1538;8791
1574;8794
1565;8796
1539;8798
1499;8801
1476;8803
1470;8806
1469;8808
1487;8810
1521;8813
1526;8815
1510;8818
1486;8820
1461;8822
1449;8825
1449;8827
1458;8830
1473;8833
1506;8835
1521;8838
1519;8840
1541;8843
1593;8845
1595;8847
1559;8850
1527;8852
1495;8855
1474;8857
1463;8859
1487;8862
1471;8864
1457;8867
1472;8869
1499;8872
1491;8875
1477;8877
1482;8880
1514;8882
1506;8885
1494;8887
1484;8889
1477;8892
1472;8894
1472;8897
1468;8899
1479;8901
1500;8904
1489;8906
1482;8909
1483;8911
1485;8913
1505;8916
1560;8919
1601;8922
1582;8924
1548;8926
1506;8929
1483;8931
1466;8934
1462;8936
1463;8939
1479;8941
1490;8943
1496;8946
1493;8948
1490;8951
1481;8953
1479;8955
1484;8958
1512;8961
1542;8964
1539;8966
1517;8968
1529;8971
1526;8973
1533;8976
1524;8978
1566;8980
1575;8983
1554;8985
1559;8988
1547;8990
1524;8992
1486;8995
1453;8997
1439;9000
1439;9003
1444;9005
1449;9008
1458;9010
1471;9013
1480;9015
1478;9018
1470;9020
1462;9022
1460;9025
1462;9027
1466;9030
1484;9032
1510;9034
1573;9037
1598;9039
1558;9042
1515;9044
1484;9047
1475;9050
1480;9052
1484;9055
1486;9057
1492;9059
1494;9062
1508;9064
1495;9067
1476;9069
1467;9071
1474;9074
1490;9076
1501;9079
1497;9081
1522;9083
1532;9086
1509;9089
1482;9092
1462;9094
1453;9097
1455;9099
1459;9101
1465;9104
1491;9106
1513;9109
1507;9111
1497;9113
1497;9116
1505;9118
1500;9121
1503;9123
1503;9125
1494;9128
1520;9131
1633;9134
1612;9136
1550;9138
1502;9141
1467;9143
1455;9146
1451;9148
1462;9150
1482;9153
1479;9155
1470;9158
1462;9160
1470;9163
1525;9165
1520;9167
1499;9170
1488;9172
1478;9176
1476;9178
1475;9180
1476;9183
1484;9185
1494;9188
1494;9190
1488;9192
1478;9195
1473;9197
1485;9200
1489;9202
1482;9204
1477;9207
1480;9209
1487;9212
1496;9214
1506;9218
1500;9220
1498;9222
1524;9225
1526;9227
1511;9230
1496;9232
1484;9234
1474;9237
1471;9239
1488;9242
1499;9244
1499;9246
1495;9249
1498;9251
1506;9254
1512;9256
1517;9259
1524;9262
1541;9264
1540;9267
1520;9269
1498;9271
1486;9274
1482;9276
1500;9279
1523;9281
1499;9284
1483;9286
1474;9288
1464;9291
1460;9293
1459;9296
1469;9298
1499;9300
1522;9304
1536;9306
1554;9309
1544;9311
1509;9313
1486;9316
1474;9318
1469;9321
1479;9323
1511;9325
1576;9328
1553;9330
1507;9333
1484;9335
1476;9337
1470;9340
1469;9342
1475;9346
1512;9348
1527;9350
1517;9353
1505;9355
1486;9358
1471;9360
1466;9363
1468;9365
1467;9367
1467;9370
1487;9372
1549;9375
1564;9377
1535;9379
1511;9382
1486;9384
1470;9388
1466;9390
1470;9392
1479;9395
1482;9397
1492;9400
1501;9402
1501;9404
1487;9407
1485;9409
1494;9412
1516;9414
1509;9417
1501;9419
1510;9421
1510;9424
1496;9426
1515;9430
1508;9432
1493;9434
1481;9437
1476;9439
1490;9442
1513;9444
1515;9446
1507;9449
1496;9451
1516;9454
1567;9456
1567;9458
1544;9461
1516;9463
1498;9466
1478;9468
1465;9470
1459;9474
1461;9476
1475;9479
1481;9481
1485;9484
1506;9486
1516;9488
1507;9491
1506;9493
1499;9496
1496;9498
1493;9500
1496;9503
1501;9505
1507;9508
1525;9510
1536;9512
1524;9516
1504;9518
1492;9521
1482;9523
1462;9525
1466;9528
1477;9530
1479;9533
1499;9535
1538;9537
1533;9540
1512;9542
1502;9545
1506;9547
1496;9550
1489;9552
1502;9554
1511;9558
1503;9560
1504;9563
1509;9565
1506;9567
1513;9570
1507;9572
1522;9575
1520;9577
1496;9579
1481;9582
1468;9584
1460;9587
1467;9589
1474;9591
1481;9594
1477;9596
1484;9600
1507;9602
1528;9604
1553;9607
1579;9609
1567;9612
1563;9614
1528;9617
1486;9619
1462;9621
1456;9624
1453;9626
1454;9629
1458;9631
1474;9633
1495;9636
1518;9638
1518;9641
1504;9644
1501;9646
1496;9649
1489;9651
1487;9654
1507;9656
1515;9658
1532;9661
1526;9663
1544;9666
1546;9668
1521;9670
1495;9673
1467;9675
1464;9678
1539;9680
1567;9682
1543;9686
1512;9688
1482;9691
1455;9693
1451;9696
1482;9698
1519;9700
1516;9703
1493;9705
1471;9708
1459;9710
1456;9712
1455;9715
1455;9717
1457;9720
1468;9722
1486;9724
1495;9728
1487;9730
1475;9733
1468;9735
1468;9737
1488;9740
1498;9742
1489;9745
1479;9747
1487;9749
1528;9752
1514;9754
1489;9757
1475;9759
1472;9761
1484;9764
1493;9766
1517;9769
1535;9772
1504;9775
1485;9777
1475;9779
1483;9782
1535;9784
1549;9787
1540;9789
1556;9791
1537;9794
1503;9796
1483;9799
1476;9801
1479;9803
1475;9806
1485;9808
1497;9811
1493;9814
1494;9816
1485;9819
1478;9821
1471;9824
1462;9826
1462;9828
1472;9831
1469;9833
1465;9836
1487;9838
1499;9841
1518;9843
1534;9845
1519;9848
1501;9850
1493;9853
1480;9856
1476;9858
1479;9861
1514;9863
1538;9866
1556;9868
1532;9870
1509;9873
1480;9875
1470;9878
1469;9880
1490;9882
1505;9885
1490;9887
1495;9890
1487;9892
1474;9894
1470;9897
1467;9900
1468;9903
1469;9905
1468;9908
1470;9910
1482;9912
1491;9915
1501;9917
1507;9920
1507;9922
1542;9924
1543;9927
1511;9929
1488;9932
1478;9934
1473;9936
1471;9939
1505;9942
1524;9945
1522;9947
1515;9949
1496;9952
1490;9954
1486;9957
1472;9959
1465;9961
1464;9964
1466;9966
1476;9969
1483;9971
1507;9974
1515;9976
1503;9978
1491;9981
1477;9984
1471;9987
1473;9989
1482;9991
1516;9994
1528;9996
1518;9999
1517;10001
1514;10003
1536;10006
1519;10008
1487;10011
1476;10013
1475;10016
1466;10018
1460;10021
1471;10023
1502;10027
1506;10029
1501;10031
1518;10034
1505;10036
1494;10039
1515;10041
1526;10044
1507;10046
1482;10049
1469;10051
1464;10054
1469;10056
1481;10058
1489;10061
1490;10063
1491;10066
1497;10068
1501;10072
1520;10074
1502;10077
1485;10079
1489;10082
1520;10084
1544;10087
1563;10089
1540;10091
1508;10094
1499;10096
1494;10099
1481;10101
1472;10104
1467;10106
1463;10109
1460;10112
1459;10115
1458;10117
1455;10119
1454;10122
1456;10124
1462;10127
1473;10129
1526;10132
1530;10134
1517;10137
1502;10139
1493;10142
1502;10144
1538;10146
1545;10149
1520;10151
1499;10155
1484;10157
1477;10160
1498;10162
1510;10165
1501;10167
1484;10170
1480;10172
1506;10175
1576;10177
1575;10179
1542;10182
1511;10184
1486;10187
1468;10189
1468;10192
1483;10194
1465;10198
1443;10200
1441;10203
1448;10205
1455;10207
1463;10210
1472;10212
1498;10215
1508;10217
1501;10220
1492;10222
1485;10225
1479;10227
1490;10230
1518;10232
1527;10234
1528;10237
1516;10240
1516;10243
1487;10245
1467;10248
1462;10250
1454;10253
1450;10255
1460;10258
1470;10260
1466;10262
1461;10265
1460;10267
1463;10270
1479;10272
1488;10275
1482;10277
1475;10280
1468;10283
1466;10286
1468;10288
1478;10291
1512;10293
1516;10295
1520;10298
1518;10300
1513;10303
1523;10305
1526;10308
1506;10310
1485;10313
1472;10315
1466;10318
1465;10320
1468;10322
1473;10326
1468;10328
1461;10331
1456;10333
1460;10336
1466;10338
1470;10341
1473;10343
1481;10346
1486;10348
1485;10350
1484;10353
1495;10355
1512;10358
1516;10360
1520;10363
1544;10365
1566;10369
1538;10371
1506;10374
1480;10376
1468;10378
1463;10381
1480;10383
1500;10386
1499;10388
1488;10391
1480;10393
1475;10396
1473;10398
1472;10401
1473;10403
1471;10406
1475;10408
1480;10411
1473;10414
1470;10416
1467;10419
1472;10421
1480;10424
1491;10426
1511;10429
1537;10431
1540;10434
1530;10436
1525;10438
1507;10441
1490;10443
1482;10446
1482;10448
1495;10451
1489;10454
1485;10457
1543;10459
1571;10462
1517;10464
1483;10466
1471;10469
1465;10471
1465;10474
1469;10476
1470;10479
1475;10481
1520;10484
1565;10486
1570;10489
1538;10491
1503;10494
1472;10497
1461;10499
1455;10502
1452;10504
1470;10507
1505;10509
1529;10512
1528;10514
1508;10517
1482;10519
1466;10522
1461;10524
1464;10526
1480;10529
1471;10531
1460;10534
1459;10536
1464;10540
1470;10542
1472;10545
1473;10547
1474;10550
1480;10552
1493;10554
1493;10557
1500;10559
1518;10562
1524;10564
1504;10567
1489;10569
1496;10572
1508;10574
1502;10577
1493;10579
1493;10582
1506;10585
1509;10587
1506;10590
1497;10592
1482;10595
1471;10597
1464;10600
1458;10602
1453;10605
1453;10607
1458;10610
1465;10612
1470;10614
1481;10617
1483;10619
1482;10622
1484;10625
1505;10628
1522;10630
1510;10633
1498;10635
1484;10638
1479;10640
1493;10642
1504;10645
1519;10647
1524;10650
1507;10652
1492;10655
1481;10657
1478;10660
1491;10662
1498;10665
1494;10668
1490;10670
1492;10673
1488;10675
1485;10678
1477;10680
1473;10683
1475;10685
1492;10688
1527;10690
1530;10693
1552;10695
1561;10697
1547;10700
1518;10702
1490;10705
1473;10707
1465;10711
1476;10713
1489;10716
1474;10718
1470;10721
1483;10723
1495;10726
1506;10728
1503;10730
1493;10733
1480;10735
1472;10738
1467;10740
1463;10743
1464;10745
1464;10748
1466;10750
1483;10754
1538;10756
1552;10758
1555;10761
1527;10763
1494;10766
1478;10768
1479;10771
1488;10773
1514;10776
1525;10778
1520;10781
1512;10783
1497;10785
1508;10788
1502;10790
1484;10793
1482;10796
1490;10799
1483;10801
1479;10804
1482;10806
1523;10809
1515;10811
1502;10814
1493;10816
1479;10818
1472;10821
1474;10823
1493;10826
1499;10828
1487;10831
1471;10833
1465;10836
1470;10839
1476;10842
1484;10844
1502;10846
1547;10849
1553;10851
1537;10854
1548;10856
1532;10859
1521;10861
1515;10864
1504;10866
1503;10869
1492;10871
1476;10873
1467;10876
1463;10878
1458;10882
1456;10884
1461;10887
1468;10889
1474;10892
1485;10894
1493;10897
1502;10899
1497;10902
1489;10904
1492;10906
1502;10909
1500;10911
1522;10914
1571;10916
1599;10919
1553;10921
1514;10925
1497;10927
1488;10930
1493;10932
1514;10934
1522;10937
1547;10939
1568;10942
1533;10944
1497;10947
1476;10949
1464;10952
1460;10954
1459;10957
1463;10959
1484;10961
1523;10964
1509;10967
1485;10970
1474;10972
1471;10975
1467;10977
1470;10980
1479;10982
1491;10985
1498;10987
1495;10990
1502;10992
1507;10994
1503;10997
1499;10999
1503;11002
1508;11004
1504;11008
1491;11010
1479;11013
1475;11015
1475;11018
1472;11020
1474;11022
1474;11025
1489;11027
1535;11030
1613;11032
1608;11035
1543;11037
1490;11040
1467;11042
1455;11045
1452;11047
1454;11049
1460;11053
1475;11055
1499;11058
1493;11060
1478;11063
1464;11065
1462;11068
1464;11070
1466;11073
1472;11075
1482;11078
1489;11080
1510;11082
1550;11085
1536;11087
1518;11090
1504;11092
1491;11096
1493;11098
1511;11101
1536;11103
1548;11106
1513;11108
1470;11110
1450;11113
1447;11115
1450;11118
1457;11120
1462;11123
1465;11125
1473;11128
1478;11130
1478;11133
1473;11136
1469;11138
1470;11141
1477;11143
1497;11146
1526;11148
1531;11151
1527;11153
1529;11156
1509;11158
1511;11161
1520;11163
1512;11166
1519;11168
1538;11170
1535;11173
1542;11175
1534;11179
1512;11181
1489;11184
1471;11186
1479;11189
1484;11191
1472;11194
1463;11196
1464;11198
1466;11201
1471;11203
1474;11206
1474;11208
1470;11211
1467;11213
1473;11216
1487;11218
1493;11222
1495;11224
1505;11226
1526;11229
1533;11231
1528;11234
1518;11236
1512;11239
1516;11241
1520;11244
1514;11246
1499;11249
1482;11251
1470;11254
1464;11256
1468;11258
1495;11261
1508;11264
1507;11267
1500;11269
1495;11272
1486;11274
1478;11277
1474;11279
1474;11282
1478;11284
1483;11286
1484;11289
1480;11291
1495;11294
1514;11296
1519;11299
1523;11301
1519;11304
1534;11307
1533;11310
1517;11312
1505;11314
1491;11317
1485;11319
1472;11322
1472;11324
1474;11327
1484;11329
1487;11332
1467;11334
1460;11337
1460;11339
1463;11341
1466;11344
1470;11346
1477;11350
1491;11352
1527;11355
1581;11357
1565;11360
1527;11362
1499;11365
1478;11367
1467;11370
1462;11372
1461;11374
1462;11377
1474;11379
1477;11382
1476;11384
1474;11387
1486;11389
1524;11393
1551;11395
1531;11398
1504;11400
1487;11402
1473;11405
1471;11407
1478;11410
1494;11412
1517;11415
1523;11417
1518;11420
1500;11422
1480;11425
1467;11427
1460;11429
1459;11432
1468;11435
1482;11438
1492;11440
1482;11443
1475;11445
1469;11448
1473;11450
1496;11453
1507;11455
1495;11458
1478;11460
1480;11462
1495;11465
1499;11467
1529;11470
1582;11472
1580;11475
1545;11478
1516;11481
1494;11483
1477;11486
1464;11488
1471;11490
1474;11493
1479;11495
1485;11498
1491;11500
1487;11503
1488;11505
1509;11508
1491;11510
1473;11513
1469;11515
1474;11517
1475;11521
1467;11523
1464;11526
1465;11528
1471;11531
1477;11533
1487;11536
1490;11538
1516;11541
1551;11543
1539;11546
1510;11548
1482;11550
1466;11553
1470;11555
1499;11558
1512;11560
1532;11564
1528;11566
1501;11569
1482;11571
1475;11574
1469;11576
1468;11578
1477;11581
1486;11583
1508;11586
1525;11588
1507;11591
1487;11593
1471;11596
1469;11598
1469;11601
1472;11603
1490;11606
1515;11609
1524;11611
1526;11614
1532;11616
1537;11619
1505;11621
1483;11624
1479;11626
1495;11629
1499;11631
1502;11634
1494;11636
1483;11638
1472;11641
1466;11643
1476;11646
1488;11649
1483;11652
1473;11654
1470;11657
1475;11659
1484;11662
1488;11664
1484;11666
1472;11669
1466;11671
1469;11674
1473;11676
1527;11679
1562;11681
1533;11684
1501;11686
1479;11689
1472;11692
1471;11694
1474;11697
1485;11699
1505;11702
1544;11704
1560;11707
1538;11709
1512;11712
1491;11714
1485;11717
1500;11719
1519;11721
1501;11724
1475;11726
1461;11729
1458;11731
1461;11735
1463;11737
1466;11740
1481;11742
1500;11745
1506;11747
1496;11750
