1496	56341
1502	56344
1503	56346
1500	56349
1495	56351
1490	56354
1487	56356
1486	56359
1486	56361
1486	56365
1486	56367
1486	56369
1486	56372
1487	56374
1490	56377
1491	56379
1491	56382
1491	56384
1491	56387
1493	56389
1494	56392
1494	56394
1496	56396
1499	56399
1500	56401
1500	56404
1497	56407
1493	56410
1491	56412
1489	56415
1487	56417
1488	56420
1488	56422
1487	56425
1487	56427
1488	56429
1489	56432
1489	56434
1489	56437
1488	56439
1487	56442
1487	56444
1488	56448
1490	56450
1493	56453
1496	56455
1496	56457
1495	56460
1493	56462
1492	56465
1491	56467
1493	56470
1495	56472
1495	56475
1495	56477
1495	56480
1495	56482
1495	56484
1496	56487
1495	56489
1494	56493
1494	56495
1492	56498
1491	56500
1489	56503
1491	56505
1494	56508
1495	56510
1493	56513
1491	56515
1490	56517
1492	56520
1498	56522
1502	56525
1503	56527
1500	56530
1496	56532
1493	56536
1492	56538
1492	56541
1492	56543
1491	56545
1491	56548
1492	56550
1495	56553
1495	56555
1494	56558
1493	56560
1492	56563
1491	56565
1491	56568
1494	56570
1497	56572
1499	56576
1499	56578
1498	56581
1496	56583
1493	56586
1492	56588
1493	56591
1493	56593
1495	56596
1496	56598
1495	56601
1495	56603
1496	56605
1495	56608
1495	56610
1494	56613
1496	56615
1499	56619
1500	56621
1500	56624
1498	56626
1497	56629
1496	56631
1496	56633
1501	56636
1504	56638
1506	56641
1505	56643
1502	56646
1499	56648
1497	56651
1496	56653
1496	56656
1498	56658
1501	56660
1503	56664
1504	56666
1505	56669
1504	56671
1502	56674
1498	56676
1496	56679
1495	56681
1497	56684
1500	56686
1501	56688
1499	56691
1499	56693
1501	56696
1502	56698
1501	56701
1499	56704
1495	56707
1494	56709
1494	56712
1495	56714
1499	56717
1503	56719
1503	56721
1502	56724
1499	56726
1495	56729
1493	56731
1492	56734
1494	56736
1499	56739
1502	56741
1502	56744
1501	56747
1503	56749
1506	56752
1505	56754
1500	56757
1496	56759
1494	56762
1496	56764
1501	56767
1504	56769
1501	56772
1497	56774
1493	56776
1490	56779
1489	56781
1487	56784
1486	56786
1485	56790
1487	56792
1489	56795
1489	56797
1491	56800
1497	56802
1500	56805
1502	56807
1502	56809
1500	56812
1497	56814
1499	56817
1507	56819
1509	56822
1507	56824
1501	56827
1496	56829
1493	56833
1496	56835
1496	56837
1503	56840
1505	56842
1504	56845
1500	56847
1496	56850
1498	56852
1504	56855
1504	56857
1502	56860
1498	56862
1494	56864
1491	56867
1491	56869
1489	56872
1494	56875
1501	56878
1508	56880
1515	56883
1513	56885
1507	56888
1499	56890
1491	56893
1487	56895
1484	56897
1485	56900
1490	56902
1494	56905
1493	56907
1490	56910
1492	56912
1491	56915
1491	56918
1491	56921
1490	56923
1491	56925
1503	56928
1506	56930
1502	56933
1508	56935
1507	56938
1504	56940
1499	56943
1492	56945
1487	56948
1494	56950
1500	56952
1499	56955
1494	56957
1489	56961
1483	56963
1484	56966
1488	56968
1487	56971
1486	56973
1487	56976
1486	56978
1487	56981
1488	56983
1489	56985
1497	56988
1497	56990
1497	56993
1499	56995
1505	56998
1512	57000
1512	57004
1504	57006
1497	57009
1502	57011
1503	57013
1496	57016
1490	57018
1486	57021
1493	57023
1496	57026
1499	57028
1499	57031
1499	57033
1522	57036
1534	57038
1525	57040
1509	57043
1492	57046
1483	57049
1481	57051
1480	57054
1491	57056
1498	57059
1492	57061
1488	57064
1487	57066
1483	57069
1482	57071
1478	57073
1477	57076
1483	57078
1482	57081
1476	57083
1475	57086
1480	57089
1496	57092
1499	57094
1492	57097
1500	57099
1496	57101
1490	57104
1486	57106
1480	57109
1476	57111
1474	57114
1473	57116
1467	57119
1458	57121
1461	57124
1463	57126
1471	57128
1500	57132
1521	57134
1514	57137
1500	57139
1485	57142
1474	57144
1474	57147
1483	57149
1493	57152
1499	57154
1520	57156
1512	57159
1496	57161
1484	57164
1471	57166
1462	57169
1464	57171
1478	57175
1487	57177
1507	57180
1504	57182
1487	57185
1474	57187
1461	57189
1452	57192
1449	57194
1455	57197
1470	57199
1484	57202
1488	57204
1498	57207
1508	57209
1493	57212
1478	57214
1467	57217
1461	57220
1463	57222
1463	57225
1460	57227
1460	57230
1461	57232
1462	57235
1471	57237
1473	57240
1471	57242
1466	57244
1457	57247
1459	57249
1476	57252
1484	57254
1487	57257
1492	57260
1484	57263
1477	57265
1482	57268
1500	57270
1489	57273
1478	57275
1466	57277
1456	57280
1460	57282
1468	57285
1471	57287
1472	57290
1478	57292
1495	57295
1502	57297
1497	57300
1500	57303
1490	57305
1469	57308
1455	57310
1456	57313
1461	57315
1465	57318
1470	57320
1470	57323
1472	57325
1491	57328
1500	57330
1502	57332
1512	57335
1509	57337
1500	57340
1499	57342
1500	57346
1495	57348
1505	57351
1507	57353
1507	57356
1513	57358
1525	57361
1538	57363
1536	57365
1524	57368
1506	57370
1491	57373
1479	57375
1483	57378
1487	57380
1479	57383
1476	57385
1478	57389
1489	57391
1502	57393
1497	57396
1486	57398
1488	57401
1500	57403
1509	57406
1508	57408
1504	57411
1514	57413
1512	57416
1506	57418
1500	57420
1530	57423
1585	57425
1595	57428
1560	57431
1531	57434
1509	57436
1496	57439
1486	57441
1478	57444
1478	57446
1477	57449
1475	57451
1472	57453
1471	57456
1471	57458
1463	57461
1466	57463
1469	57466
1495	57468
1536	57472
1544	57474
1551	57477
1538	57479
1512	57481
1493	57484
1479	57486
1474	57489
1469	57491
1471	57494
1468	57496
1468	57499
1477	57501
1491	57504
1485	57506
1489	57508
1515	57511
1539	57513
1539	57517
1525	57519
1517	57522
1526	57524
1516	57527
1502	57529
1491	57532
1480	57534
1473	57537
1472	57539
1467	57541
1472	57544
1474	57546
1477	57549
1479	57551
1477	57554
1484	57556
1506	57560
1519	57562
1538	57565
1546	57567
1532	57569
1519	57572
1539	57574
1540	57577
1525	57579
1511	57582
1495	57584
1500	57587
1492	57589
1481	57592
1487	57594
1484	57596
1481	57600
1480	57602
1486	57605
1539	57607
1557	57610
1532	57612
1512	57615
1495	57617
1485	57620
1479	57622
1475	57625
1469	57627
1471	57629
1483	57632
1490	57634
1487	57637
1477	57639
1476	57643
1475	57645
1473	57648
1494	57650
1516	57653
1510	57655
1522	57657
1543	57660
1546	57662
1528	57665
1509	57667
1506	57670
1504	57672
1493	57675
1482	57677
1485	57680
1492	57682
1499	57684
1494	57688
1483	57690
1478	57693
1491	57695
1486	57698
1487	57700
1497	57703
1519	57705
1525	57708
1509	57710
1499	57712
1492	57715
1496	57717
1518	57720
1587	57722
1578	57725
1545	57728
1525	57731
1511	57733
1497	57736
1498	57738
1499	57741
1494	57743
1501	57745
1513	57748
1511	57750
1519	57753
1517	57755
1503	57758
1489	57760
1478	57763
1477	57765
1516	57768
1525	57771
1505	57773
1493	57776
1487	57778
1484	57781
1475	57783
1472	57786
1478	57788
1484	57791
1538	57793
1572	57796
1552	57798
1524	57800
1496	57803
1478	57805
1467	57808
1467	57810
1476	57814
1473	57816
1467	57819
1470	57821
1482	57824
1475	57826
1474	57829
1494	57831
1493	57833
1483	57836
1497	57838
1515	57841
1511	57843
1497	57846
1482	57848
1480	57851
1497	57853
1507	57857
1497	57859
1485	57861
1488	57864
1488	57866
1483	57869
1481	57871
1475	57874
1474	57876
1475	57879
1480	57881
1511	57884
1507	57886
1498	57888
1506	57891
1507	57893
1509	57896
1513	57899
1507	57902
1500	57904
1496	57907
1492	57909
1481	57912
1476	57914
1485	57917
1492	57919
1491	57921
1496	57924
1505	57926
1501	57929
1503	57931
1508	57934
1527	57936
1543	57939
1550	57942
1538	57945
1525	57947
1506	57949
1492	57952
1482	57954
1474	57957
1467	57959
1480	57962
1493	57964
1508	57967
1572	57969
1609	57972
1578	57974
1541	57976
1523	57979
1504	57981
1487	57985
1488	57987
1489	57990
1483	57992
1486	57995
1494	57997
1514	58000
1546	58002
1555	58004
1543	58007
1551	58009
1523	58012
1491	58014
1471	58017
1463	58019
1459	58022
1456	58024
1450	58028
1446	58030
1444	58033
1450	58035
1479	58037
1493	58040
1493	58042
1503	58045
1528	58047
1530	58050
1530	58052
1521	58055
1499	58057
1482	58060
1476	58062
1492	58064
1524	58067
1535	58070
1521	58073
1496	58075
1476	58078
1467	58080
1469	58083
1465	58085
1458	58088
1460	58090
1487	58092
1490	58095
1489	58097
1515	58100
1503	58102
1504	58105
1506	58107
1495	58110
1487	58113
1499	58116
1505	58118
1499	58121
1493	58123
1496	58125
1535	58128
1548	58130
1548	58133
1535	58135
1520	58138
1535	58140
1524	58143
1509	58145
1494	58148
1486	58150
1477	58152
1466	58156
1465	58158
1461	58161
1490	58163
1580	58166
1587	58168
1548	58171
1511	58173
1485	58176
1483	58178
1485	58180
1478	58183
1457	58185
1447	58188
1474	58190
1510	58193
1509	58195
1514	58199
1509	58201
1492	58204
1478	58206
1481	58209
1498	58211
1556	58213
1563	58216
1540	58218
1512	58221
1489	58223
1493	58226
1483	58228
1465	58231
1457	58233
1454	58236
1467	58238
1496	58241
1499	58244
1503	58246
1487	58249
1466	58251
1458	58254
1475	58256
1504	58259
1525	58261
1515	58264
1507	58266
1491	58268
1482	58271
1481	58273
1474	58276
1464	58278
1479	58281
1507	58284
1522	58287
1542	58289
1563	58292
1542	58294
1511	58296
1504	58299
1494	58301
1496	58304
1489	58306
1492	58309
1503	58311
1499	58314
1482	58316
1468	58319
1471	58321
1467	58324
1487	58327
1489	58329
1463	58332
1455	58334
1498	58337
1545	58339
1558	58342
1547	58344
1512	58347
1502	58349
1502	58352
1493	58354
1484	58356
1492	58359
1478	58361
1465	58364
1464	58366
1466	58370
1456	58372
1450	58375
1467	58377
1516	58380
1517	58382
1502	58384
1479	58387
1533	58389
1530	58392
1499	58394
1479	58397
1464	58399
1464	58402
1475	58404
1487	58407
1490	58409
1477	58413
1477	58415
1493	58417
1510	58420
1499	58422
1472	58425
1465	58427
1478	58430
1484	58432
1479	58435
1469	58437
1465	58440
1485	58442
1489	58444
1484	58447
1497	58449
1509	58452
1508	58455
1496	58458
1486	58460
1477	58463
1482	58465
1477	58468
1467	58470
1454	58472
1477	58475
1501	58477
1483	58480
1470	58482
1485	58485
1489	58487
1472	58490
1466	58492
1468	58496
1463	58498
1476	58501
1471	58503
1549	58505
1570	58508
1532	58510
1500	58513
1481	58515
1469	58518
1455	58520
1443	58523
1440	58525
1465	58528
1498	58530
1530	58532
1516	58535
1481	58537
1458	58541
1443	58543
1437	58546
1447	58548
1486	58551
1527	58553
1523	58556
1529	58558
1520	58560
1502	58563
1497	58565
1478	58568
1472	58570
1517	58573
1505	58575
1487	58578
1492	58580
1472	58584
1489	58586
1519	58589
1519	58591
1503	58593
1480	58596
1458	58598
1444	58601
1460	58603
1473	58606
1475	58608
1481	58611
1477	58613
1466	58616
1462	58618
1481	58620
1488	58624
1559	58626
1582	58629
1543	58631
1527	58634
1531	58636
1519	58639
1502	58641
1507	58644
1500	58646
1501	58648
1505	58651
1490	58653
1468	58656
1465	58658
1475	58661
1471	58663
1462	58667
1469	58669
1493	58672
1503	58674
1502	58677
1516	58679
1507	58681
1485	58684
1477	58686
1491	58689
1516	58691
1536	58694
1556	58696
1594	58699
1569	58701
1543	58704
1503	58706
1475	58708
1461	58712
1460	58714
1491	58717
1520	58719
1516	58722
1506	58724
1483	58727
1463	58729
1451	58732
1448	58734
1452	58736
1476	58739
1498	58741
1500	58744
1490	58746
1486	58749
1487	58752
1499	58755
1531	58757
1570	58760
1579	58762
1595	58765
1557	58767
1509	58769
1481	58772
1460	58774
1447	58777
1445	58779
1459	58782
1463	58784
1465	58787
1482	58789
1492	58792
1517	58795
1596	58797
1610	58800
1565	58802
1520	58805
1492	58807
1489	58810
1517	58812
1515	58815
1508	58817
1500	58820
1484	58822
1473	58824
1469	58827
1470	58829
1466	58832
1488	58834
1535	58838
1550	58840
1531	58843
1497	58845
1471	58848
1497	58850
1523	58853
1542	58855
1540	58857
1508	58860
1492	58862
1483	58865
1480	58867
1502	58870
1519	58872
1518	58875
1493	58877
1480	58881
1499	58883
1542	58885
1559	58888
1533	58890
1499	58893
1482	58895
1479	58898
1479	58900
1495	58903
1504	58905
1508	58908
1541	58910
1555	58912
1552	58915
1528	58917
1501	58920
1525	58923
1565	58926
1559	58928
1545	58931
1533	58933
1527	58936
1507	58938
1491	58941
1503	58943
1529	58945
1519	58948
1516	58950
1532	58953
1570	58955
1570	58958
1542	58960
1519	58963
1511	58966
1540	58969
1532	58971
1530	58973
1509	58976
1493	58978
1507	58981
1520	58983
1531	58986
1526	58988
1523	58991
1523	58993
1529	58996
1523	58998
1519	59000
1528	59003
1520	59005
1512	59009
1535	59011
1543	59014
1530	59016
1520	59019
1508	59021
1512	59024
1506	59026
1501	59029
1544	59031
1551	59033
1534	59036
1538	59038
1541	59041
1576	59043
1567	59046
1558	59048
1543	59052
1527	59054
1515	59057
1509	59059
1506	59061
1514	59064
1520	59066
1516	59069
1510	59071
1510	59074
1539	59076
1565	59079
1584	59081
1572	59084
1552	59086
1528	59088
1528	59091
1557	59094
1553	59097
1542	59099
1561	59102
1560	59104
1533	59107
1515	59109
1503	59112
1490	59114
1507	59117
1543	59119
1555	59121
1582	59124
1562	59126
1538	59129
1528	59131
1510	59134
1515	59137
1551	59140
1568	59142
1579	59145
1602	59147
1580	59149
1549	59152
1517	59154
1497	59157
1495	59159
1488	59162
1488	59164
1496	59167
1532	59169
1549	59172
1544	59174
1542	59176
1540	59180
1561	59182
1595	59185
1580	59187
1556	59190
1539	59192
1543	59195
1567	59197
1571	59200
1559	59202
1540	59205
1558	59207
1559	59209
1545	59212
1531	59214
1518	59217
1511	59219
1516	59223
1510	59225
1500	59228
1506	59230
1504	59233
1518	59235
1516	59237
1509	59240
1510	59242
1516	59245
1525	59247
1564	59250
1590	59252
1581	59255
1561	59257
1526	59260
1500	59262
1503	59265
1498	59268
1492	59270
1500	59273
1511	59275
1499	59278
1519	59280
1524	59283
1508	59285
1499	59288
1501	59290
1490	59293
1503	59295
1534	59297
1559	59300
1550	59302
1534	59305
1528	59308
1516	59311
1499	59313
1499	59316
1509	59318
1506	59321
1498	59323
1490	59325
1490	59328
1503	59330
1507	59333
1543	59335
1541	59338
1515	59340
1491	59343
1487	59345
1488	59348
1481	59351
1468	59353
1466	59356
1523	59358
1536	59361
1522	59363
1497	59366
1478	59368
1472	59371
1520	59373
1550	59376
1533	59378
1503	59380
1477	59383
1463	59385
1456	59388
1474	59390
1523	59394
1503	59396
1480	59399
1461	59401
1449	59404
1480	59406
1507	59409
1493	59411
1470	59413
1460	59416
1459	59418
1466	59421
1466	59423
1469	59426
1490	59428
1486	59431
1479	59433
1478	59437
1477	59439
1486	59441
1478	59444
1467	59446
1464	59449
1468	59451
1485	59454
1556	59456
1536	59459
1502	59461
1477	59464
1457	59466
1447	59468
1438	59471
1456	59473
1463	59476
1455	59479
1460	59482
1460	59484
1452	59487
1440	59489
1433	59492
1486	59494
1539	59497
1535	59499
1513	59501
1479	59504
1452	59506
1440	59509
1442	59511
1447	59514
1441	59516
1442	59520
1446	59522
1508	59525
1532	59527
1515	59529
1494	59532
1511	59534
1519	59537
1498	59539
1483	59542
1476	59544
1466	59547
1446	59549
1438	59552
1423	59554
1441	59556
1459	59559
1453	59561
1443	59565
1433	59567
1443	59570
1484	59572
1491	59575
1474	59577
1458	59580
1444	59582
1444	59585
1472	59587
1479	59589
1466	59592
1456	59594
1442	59597
1432	59599
1445	59602
1470	59604
1466	59608
1454	59610
1442	59613
1443	59615
1467	59617
1474	59620
1473	59622
1483	59625
1472	59627
1450	59630
1430	59632
1414	59635
1409	59637
1440	59640
1442	59642
1432	59644
1434	59648
1442	59650
1455	59653
1495	59655
1486	59658
1471	59660
1453	59663
1432	59665
1431	59668
1452	59670
1482	59673
1496	59675
1476	59677
1446	59680
1437	59682
1437	59685
1426	59687
1422	59691
1452	59693
1442	59696
1437	59698
1448	59701
1448	59703
1432	59705
1414	59708
1418	59710
1419	59713
1417	59715
1419	59718
1422	59720
1450	59723
1461	59725
1456	59728
1474	59730
1557	59732
1568	59736
1521	59738
1478	59741
1445	59743
1436	59746
1436	59748
1460	59751
1456	59753
1450	59756
1446	59758
1439	59761
1463	59763
1509	59765
1521	59768
1500	59770
1500	59773
1494	59776
1462	59779
1440	59781
1422	59784
1438	59786
1447	59789
1435	59791
1438	59793
1470	59796
1449	59798
1427	59801
1415	59803
1423	59806
1430	59808
1475	59811
1478	59813
1452	59816
1430	59819
1425	59821
1440	59824
1481	59826
1514	59829
1484	59831
1452	59834
1434	59836
1427	59839
1435	59841
1475	59844
1480	59846
1477	59849
1473	59851
1532	59853
1530	59856
1481	59858
1444	59862
1407	59864
1391	59867
1385	59869
1405	59872
1428	59874
1447	59877
1478	59879
1469	59881
1448	59884
1430	59886
1435	59889
1439	59891
1454	59894
1473	59896
1472	59899
1494	59901
1508	59905
1483	59907
1462	59909
1446	59912
1431	59914
1423	59917
1437	59919
1437	59922
1438	59924
1437	59927
1439	59929
1430	59932
1422	59934
1415	59936
1421	59939
1451	59941
1447	59944
1444	59947
1479	59950
1500	59952
1464	59955
1424	59957
1402	59960
1392	59962
1396	59965
1401	59967
1406	59969
1409	59972
1424	59974
1454	59977
1438	59979
1414	59982
1437	59984
1437	59987
1412	59990
1401	59993
1418	59995
1429	59997
1412	60000
1391	60002
1376	60005
1373	60007
1391	60010
1433	60012
1448	60015
1445	60017
1422	60020
1405	60022
1443	60024
1480	60027
1463	60029
1422	60033
1396	60035
1441	60038
1488	60040
1455	60043
1418	60045
1393	60048
1387	60050
1381	60053
1386	60055
1381	60057
1375	60060
1401	60062
1447	60065
1490	60067
1460	60070
1423	60072
1396	60076
1378	60078
1375	60081
1409	60083
1435	60085
1437	60088
1411	60090
1397	60093
1387	60095
1396	60098
1402	60100
1398	60103
1396	60105
1468	60108
1488	60110
1488	60112
1512	60115
1503	60118
1485	60121
1457	60123
1439	60126
1449	60128
1457	60131
1453	60133
1476	60136
1503	60138
1527	60141
1527	60143
1496	60145
1449	60148
1424	60150
1423	60153
1438	60155
1438	60158
1430	60161
1420	60164
1428	60166
1443	60169
1450	60171
1440	60173
1429	60176
1445	60178
1468	60181
1480	60183
1466	60186
1451	60188
1452	60191
1475	60193
1514	60196
1523	60198
1515	60200
1488	60204
1484	60206
1482	60209
1488	60211
1509	60214
1491	60216
1468	60219
1453	60221
1464	60224
1473	60226
1472	60229
1468	60231
1483	60233
1488	60236
1478	60238
1487	60241
1482	60243
1476	60247
1486	60249
1485	60252
1487	60254
1527	60257
1547	60259
1568	60261
1549	60264
1534	60266
1524	60269
1519	60271
1552	60274
1569	60276
1548	60279
1523	60281
1504	60284
1489	60286
1488	60289
1489	60292
1488	60294
1493	60297
1511	60299
1520	60302
1519	60304
1505	60307
1501	60309
1541	60312
1582	60314
1586	60317
1551	60319
1514	60321
1509	60324
1504	60326
1509	60329
1549	60332
1554	60335
1525	60337
1500	60340
1486	60342
1485	60345
1505	60347
1503	60349
1498	60352
1492	60354
1488	60357
1496	60359
1514	60362
1567	60364
1562	60367
1546	60369
1542	60372
1524	60375
1506	60377
1497	60380
1491	60382
1508	60385
1518	60387
1519	60390
1518	60392
1504	60395
1490	60397
1484	60400
1492	60402
1530	60405
1544	60407
1552	60409
1545	60412
1542	60414
1525	60418
1504	60420
1492	60423
1521	60425
1581	60428
1564	60430
1526	60433
1501	60435
1492	60437
1496	60440
1501	60442
1490	60445
1478	60447
1483	60450
1494	60452
1511	60455
1523	60457
1516	60461
1509	60463
1528	60465
1557	60468
1540	60470
1510	60473
1476	60475
1458	60478
1446	60480
1438	60483
1447	60485
1461	60488
1463	60490
1470	60493
1508	60495
1519	60497
1496	60500
1479	60503
1469	60506
1457	60508
1452	60511
1454	60513
1448	60516
1455	60518
1461	60521
1472	60523
1508	60525
1514	60528
1491	60530
1488	60533
1480	60535
1492	60538
1534	60540
1522	60544
1509	60546
1510	60549
1565	60551
1556	60553
1523	60556
1496	60558
1466	60561
1455	60563
1455	60566
1456	60568
1456	60571
1461	60573
1463	60576
1452	60578
1472	60581
1486	60583
1473	60585
1455	60589
1467	60591
1474	60594
1481	60596
1501	60599
1486	60601
1476	60604
1468	60606
1492	60609
1558	60611
1538	60613
1499	60616
1473	60618
1453	60621
1444	60623
1436	60626
1437	60628
1442	60632
1470	60634
1492	60637
1482	60639
1472	60641
1467	60644
1454	60646
1448	60649
1459	60651
1459	60654
1475	60656
1471	60659
1470	60661
1493	60664
1495	60666
1511	60669
1490	60672
1468	60674
1482	60677
1528	60679
1529	60682
1503	60684
1492	60687
1484	60689
1484	60692
1506	60694
1504	60697
1502	60699
1486	60701
1472	60704
1481	60706
1483	60709
1466	60711
1457	60715
1470	60717
1483	60720
1494	60722
1487	60725
1480	60727
1499	60729
1506	60732
1516	60734
1513	60737
1498	60739
1470	60742
1452	60744
1445	60747
1469	60749
1516	60752
1506	60754
1493	60758
1484	60760
1475	60762
1467	60765
1459	60767
1470	60770
1480	60772
1479	60775
1500	60777
1523	60780
1507	60782
1495	60785
1528	60787
1512	60789
1493	60792
1516	60794
1518	60797
1506	60800
1508	60803
1514	60805
1538	60808
1530	60810
1509	60813
1499	60815
1486	60817
1471	60820
1469	60822
1471	60825
1480	60827
1483	60830
1507	60832
1513	60835
1495	60837
1490	60840
1491	60843
1499	60846
1524	60848
1565	60850
1537	60853
1510	60855
1493	60858
1491	60860
1500	60863
1531	60865
1525	60868
1509	60870
1509	60873
1512	60875
1534	60877
1531	60880
1542	60882
1580	60886
1566	60888
1540	60891
1548	60893
1570	60896
1550	60898
1518	60901
1494	60903
1478	60905
1474	60908
1485	60910
1517	60913
1516	60915
1503	60918
1506	60920
1500	60923
1493	60925
1492	60929
1491	60931
1521	60934
1616	60936
1652	60938
1622	60941
1570	60943
1529	60946
1510	60948
1498	60951
1504	60953
1498	60956
1491	60958
1495	60961
1522	60963
1522	60965
1520	60968
1545	60971
1547	60974
1534	60976
1532	60979
1541	60981
1578	60984
1574	60986
1547	60989
1534	60991
1547	60993
1566	60996
1580	60998
1583	61001
1552	61003
1534	61006
1573	61008
1572	61011
1546	61014
1522	61017
1499	61019
1480	61021
1476	61024
1465	61026
1458	61029
1473	61031
1477	61034
1472	61036
1467	61039
1463	61041
1466	61044
1468	61046
1482	61049
1507	61051
1509	61053
1503	61057
1539	61059
1577	61062
1551	61064
1525	61067
1499	61069
1479	61072
1481	61074
1502	61077
1541	61079
1554	61081
1549	61084
1553	61086
1532	61089
1509	61091
1487	61094
1483	61096
1482	61100
1486	61102
1513	61105
1536	61107
1518	61109
1499	61112
1486	61114
1473	61117
1473	61119
1491	61122
1499	61124
1489	61127
1491	61129
1521	61132
1524	61134
1518	61137
1509	61139
1494	61142
1495	61145
1520	61147
1549	61150
1585	61152
1573	61155
1592	61157
1586	61160
1570	61162
1558	61165
1528	61167
1500	61169
1487	61172
1478	61174
1475	61177
1482	61179
1568	61182
1623	61185
1583	61188
1564	61190
1569	61193
1526	61195
1491	61197
1449	61200
1451	61202
1451	61205
1454	61207
1452	61210
1448	61212
1451	61215
1481	61217
1494	61220
1485	61222
1480	61225
1465	61228
1450	61230
1446	61233
1456	61235
1463	61238
1471	61240
1476	61243
1534	61245
1562	61248
1524	61250
1499	61253
1473	61255
1468	61257
1478	61260
1482	61262
1486	61265
1478	61267
1453	61271
1439	61273
1435	61276
1431	61278
1439	61281
1445	61283
1459	61285
1498	61288
1498	61290
1487	61293
1468	61295
1442	61298
1430	61300
1452	61303
1464	61305
1455	61308
1458	61310
1458	61314
1454	61316
1478	61318
1478	61321
1456	61323
1437	61326
1433	61328
1464	61331
1480	61333
1465	61336
1449	61338
1438	61341
1432	61343
1438	61345
1457	61348
1478	61350
1514	61353
1505	61356
1511	61359
1506	61361
1483	61364
1493	61366
1509	61369
1476	61371
1484	61373
1471	61376
1444	61378
1433	61381
1438	61383
1432	61386
1467	61388
1485	61391
1493	61393
1516	61396
1538	61399
1502	61402
1454	61404
1418	61406
1407	61409
1436	61411
1429	61414
1419	61416
1411	61419
1409	61421
1440	61424
1474	61426
1464	61429
1477	61431
1488	61433
1481	61436
1459	61438
1444	61442
1438	61444
1480	61447
1495	61449
1457	61452
1425	61454
1409	61457
1419	61459
1511	61462
1509	61464
1476	61466
1447	61469
1424	61471
1413	61474
1432	61476
1462	61479
1453	61481
1439	61485
1451	61487
1496	61490
1492	61492
1466	61494
1433	61497
1415	61499
1410	61502
1409	61504
1414	61507
1445	61509
1489	61512
1503	61514
1522	61517
1521	61519
1516	61521
1479	61524
1459	61527
1451	61530
1467	61532
1476	61535
1464	61537
1484	61540
1539	61542
1529	61545
1494	61547
1452	61549
1428	61552
1421	61554
1421	61557
1425	61559
1453	61562
1503	61564
1502	61568
1487	61570
1546	61573
1545	61575
1512	61578
1489	61580
1456	61582
1433	61585
1426	61587
1426	61590
1432	61592
1450	61595
1498	61597
1540	61600
1557	61602
1522	61605
1496	61607
1485	61609
1484	61613
1478	61615
1455	61618
1446	61620
1466	61623
1502	61625
1512	61628
1487	61630
1499	61633
1516	61635
1512	61637
1547	61640
1570	61642
1539	61645
1504	61647
1490	61650
1491	61652
1483	61656
1496	61658
1493	61661
1527	61663
1527	61666
1493	61668
1482	61670
1479	61673
1471	61675
1475	61678
1468	61680
1463	61683
1470	61685
1478	61688
1475	61690
1469	61693
1470	61696
1512	61698
1572	61701
1574	61703
1549	61706
1520	61708
1491	61711
1473	61713
1469	61716
1501	61718
1564	61721
1606	61723
1576	61726
1553	61728
1552	61730
1530	61733
1497	61735
1484	61739
1519	61741
1524	61744
1515	61746
1499	61749
1494	61751
1499	61754
1494	61756
1498	61758
1496	61761
1493	61763
1501	61766
1490	61768
1472	61771
1477	61773
1509	61776
1519	61778
1500	61782
1481	61784
1479	61786
1490	61789
1498	61791
1518	61794
1516	61796
1506	61799
1522	61801
1535	61804
1555	61806
1566	61809
1546	61811
1540	61813
1610	61816
1607	61818
1572	61821
1527	61824
1493	61827
1495	61829
1495	61832
1493	61834
1505	61837
1507	61839
1493	61842
1486	61844
1506	61846
1495	61849
1476	61851
1469	61854
1470	61856
1476	61859
1478	61861
1478	61864
1506	61867
1520	61870
1534	61872
1522	61874
1499	61877
1481	61879
1471	61882
1466	61884
1473	61887
1506	61889
1560	61892
1565	61894
1529	61897
1515	61899
1544	61901
1577	61904
1560	61906
1524	61910
1495	61912
1521	61915
1551	61917
1566	61920
1559	61922
1522	61925
1486	61927
1467	61930
1473	61932
1513	61934
1529	61937
1515	61939
1501	61942
1502	61944
1502	61947
1494	61949
1513	61953
1520	61955
1504	61958
1520	61960
1581	61962
1579	61965
1546	61967
1515	61970
1491	61972
1531	61975
1567	61977
1553	61980
1520	61982
1490	61985
1477	61987
1471	61989
1474	61992
1497	61995
1500	61998
1508	62000
1509	62003
1512	62005
1512	62008
1510	62010
1522	62013
1537	62015
1554	62018
1560	62020
1580	62022
1581	62025
1573	62027
1548	62030
1539	62032
1553	62035
1527	62038
1504	62041
1499	62043
1514	62046
1558	62048
1574	62050
1566	62053
1547	62055
1531	62058
1557	62060
1554	62063
1521	62065
1497	62068
1485	62070
1483	62073
1546	62075
1608	62077
1624	62081
1614	62083
1562	62086
1524	62088
1498	62091
1489	62093
1522	62096
1591	62098
1595	62101
1578	62103
1551	62105
1527	62108
1512	62110
1502	62113
1498	62115
1502	62118
1555	62120
1588	62124
1574	62126
1568	62129
1543	62131
1520	62134
1517	62136
1542	62138
1550	62141
1530	62143
1509	62146
1514	62148
1522	62151
1501	62153
1480	62156
1473	62158
1482	62161
1501	62163
1574	62166
1636	62169
1631	62171
1596	62174
1562	62176
1529	62179
1504	62181
1497	62184
1490	62186
1481	62189
1482	62191
1493	62193
1519	62196
1534	62198
1524	62201
1526	62203
1612	62206
1641	62209
1590	62212
1533	62214
1493	62217
1492	62219
1495	62222
1515	62224
1549	62226
1547	62229
1515	62231
1489	62234
1475	62236
1478	62239
1489	62241
1484	62244
1477	62246
1480	62249
1488	62252
1506	62254
1537	62257
1535	62259
1518	62262
1569	62264
1587	62267
1567	62269
1528	62272
1489	62274
1470	62277
1470	62279
1486	62281
1499	62284
1497	62286
1502	62289
1513	62291
1522	62295
1519	62297
1498	62300
1530	62302
1522	62305
1513	62307
1503	62310
1486	62312
1477	62314
1472	62317
1497	62319
1553	62322
1595	62324
1561	62327
1521	62329
1488	62332
1468	62334
1465	62338
1461	62340
1458	62342
1469	62345
1464	62347
1466	62350
1516	62352
1537	62355
1524	62357
1498	62360
1472	62362
1462	62365
1490	62367
1508	62369
1500	62372
1506	62374
1571	62377
1598	62380
1552	62383
1510	62385
1487	62388
1475	62390
1506	62393
1505	62395
1483	62398
1474	62400
1468	62402
1470	62405
1489	62407
1509	62410
1493	62412
1487	62415
1500	62417
1496	62420
1487	62423
1501	62426
1504	62428
1506	62430
1489	62433
1471	62435
1455	62438
1446	62440
1449	62443
1477	62445
1500	62448
1512	62450
1491	62453
1489	62455
1519	62457
1525	62460
1530	62462
1540	62466
1526	62468
1534	62471
1523	62473
1521	62476
1520	62478
1550	62481
1587	62483
1543	62485
1505	62488
1488	62490
1472	62493
1463	62495
1458	62498
1447	62500
1442	62503
1450	62505
1460	62509
1487	62511
1499	62514
1505	62516
1497	62518
1487	62521
1483	62523
1507	62526
1554	62528
1532	62531
1516	62533
1514	62536
1490	62538
1478	62541
1485	62543
1481	62545
1476	62548
1538	62551
1551	62554
1520	62556
1498	62559
1491	62561
1485	62564
1476	62566
1473	62569
1474	62571
1487	62573
1524	62576
1534	62578
1521	62581
1500	62583
1522	62586
1564	62588
1549	62592
1522	62594
1506	62597
1503	62599
1498	62602
1509	62604
1561	62606
1568	62609
1531	62611
1497	62614
1476	62616
1460	62619
1462	62621
1514	62624
1531	62626
1511	62629
1488	62631
1462	62633
1447	62637
1445	62639
1450	62642
1454	62644
1513	62647
1535	62649
1539	62652
1526	62654
1491	62657
1461	62659
1442	62661
1441	62664
1460	62666
1470	62669
1487	62671
1477	62674
1461	62676
1466	62680
1495	62682
1514	62685
1527	62687
1542	62690
1534	62692
1501	62694
1467	62697
1441	62699
1433	62702
1458	62704
1480	62707
1472	62709
1481	62712
1484	62714
1514	62717
1514	62720
1484	62722
1483	62725
1509	62727
1508	62730
1508	62732
1564	62735
1548	62737
1508	62740
1478	62742
1456	62745
1455	62747
1470	62749
1465	62752
1456	62754
1451	62757
1471	62759
1511	62763
1524	62765
1530	62768
1522	62770
1543	62773
1539	62775
1517	62778
1498	62780
1485	62782
1473	62785
1473	62787
1485	62790
1477	62792
1486	62795
1568	62797
1639	62800
1588	62802
1532	62806
1486	62808
1457	62810
1445	62813
1460	62815
1508	62818
1502	62820
1483	62823
1464	62825
1451	62828
1445	62830
1488	62833
1511	62835
1503	62837
1522	62840
1509	62842
1474	62845
1451	62848
1438	62851
1436	62853
1465	62856
1532	62858
1516	62861
1507	62863
1500	62866
1501	62868
1490	62870
1478	62873
1468	62875
1464	62878
1459	62880
1454	62883
1468	62885
1492	62888
1493	62891
1486	62894
1490	62896
1516	62898
1502	62901
1475	62903
1455	62906
1456	62908
1461	62911
1458	62913
1450	62916
1448	62918
1481	62921
1612	62923
1624	62925
1565	62928
1516	62930
1472	62934
1448	62936
1441	62939
1444	62941
1454	62944
1455	62946
1457	62949
1457	62951
1482	62953
1498	62956
1478	62958
1464	62961
1472	62963
1470	62966
1469	62968
1470	62971
1479	62973
1487	62977
1480	62979
1478	62982
1481	62984
1556	62986
1554	62989
1516	62991
1490	62994
1495	62996
1532	62999
1549	63001
1515	63004
1477	63006
1460	63009
1455	63011
1456	63013
1463	63016
1476	63019
1481	63022
1507	63024
1528	63027
1540	63029
1534	63032
1491	63034
1464	63037
1506	63039
1529	63041
1499	63044
1520	63046
1510	63049
1486	63051
1471	63054
1464	63056
1466	63059
1491	63062
1488	63065
1465	63067
1456	63070
1456	63072
1471	63074
1479	63077
1487	63079
1490	63082
1507	63084
1509	63087
1516	63089
1526	63092
1516	63094
1512	63097
1513	63099
1502	63101
1520	63105
1552	63107
1521	63110
1482	63112
1457	63115
1449	63117
1471	63120
1464	63122
1451	63125
1458	63127
1460	63129
1453	63132
1444	63134
1442	63137
1451	63139
1451	63142
1479	63144
1539	63148
1538	63150
1505	63153
1477	63155
1487	63158
1485	63160
1470	63162
1474	63165
1501	63167
1518	63170
1519	63172
1539	63175
1539	63177
1504	63180
1479	63182
1487	63185
1506	63187
1487	63190
1482	63193
1496	63195
1492	63198
1472	63200
1454	63203
1442	63205
1437	63208
1456	63210
1517	63213
1537	63215
1518	63217
1485	63220
1466	63222
1483	63225
1520	63227
1538	63230
1521	63233
1546	63236
1560	63238
1528	63241
1510	63243
1502	63246
1492	63248
1478	63250
1473	63253
1490	63255
1494	63258
1522	63260
1527	63263
1503	63265
1487	63268
1493	63270
1514	63273
1517	63276
1505	63278
1499	63281
1492	63283
1496	63286
1502	63288
1489	63291
1466	63293
1456	63296
1456	63298
1506	63301
1572	63303
1548	63305
1505	63308
1477	63310
1512	63313
1535	63315
1509	63319
1486	63321
1461	63324
1460	63326
1499	63329
1512	63331
1514	63334
1506	63336
1482	63338
1478	63341
1502	63343
1505	63346
1503	63348
1508	63351
1593	63353
1571	63356
1520	63358
1480	63362
1444	63364
1430	63366
1468	63369
1494	63371
1488	63374
1507	63376
1495	63379
1485	63381
1476	63384
1462	63386
1468	63389
1459	63391
1458	63393
1454	63396
1462	63398
1502	63401
1515	63404
1493	63407
1468	63409
1457	63412
1450	63414
1433	63417
1447	63419
1487	63422
1536	63424
1590	63426
1678	63429
1635	63431
1562	63434
1505	63436
1456	63439
1437	63441
1473	63444
1525	63447
1533	63450
1507	63452
1474	63454
1446	63457
1432	63459
1477	63462
1482	63464
1461	63467
1446	63469
1431	63472
1436	63474
1466	63477
1464	63479
1450	63481
1445	63484
1471	63486
1529	63490
1535	63492
1505	63495
1479	63497
1479	63500
1500	63502
1539	63505
1523	63507
1494	63510
1469	63512
1452	63514
1443	63517
1436	63519
1439	63522
1457	63524
1490	63527
1539	63529
1520	63533
1493	63535
1463	63538
1478	63540
1490	63542
1473	63545
1487	63547
1481	63550
1457	63552
1442	63555
1433	63557
1437	63560
1459	63562
1469	63565
1473	63567
1497	63569
1489	63572
1471	63575
1457	63578
1464	63580
1536	63583
1584	63585
1576	63588
1523	63590
1466	63593
1438	63595
1422	63597
1415	63600
1412	63602
1409	63605
1418	63607
1441	63610
1445	63612
1440	63616
1437	63618
1433	63621
1443	63623
1481	63626
1504	63628
1485	63630
1464	63633
1463	63635
1467	63638
1503	63640
1518	63643
1493	63645
1470	63648
1475	63650
1489	63653
1490	63655
1474	63657
1458	63661
1465	63663
1508	63666
1558	63668
1553	63671
1529	63673
1520	63676
1518	63678
1489	63681
1445	63683
1420	63685
1414	63688
1430	63690
1454	63693
1446	63695
1431	63698
1423	63700
1423	63704
1432	63706
1516	63709
1528	63711
1482	63714
1447	63716
1428	63718
1432	63721
1445	63723
1435	63726
1431	63728
1422	63731
1417	63733
1430	63736
1472	63738
1488	63741
1475	63744
1463	63746
1469	63749
1450	63751
1437	63754
1437	63756
1445	63759
1478	63761
1508	63764
1532	63766
1514	63769
1478	63771
1452	63773
1435	63776
1421	63778
1409	63781
1401	63783
1399	63787
1408	63789
1418	63792
1424	63794
1429	63797
1478	63799
1522	63802
1510	63804
1486	63806
1460	63809
1458	63811
1463	63814
1451	63816
1439	63819
1441	63821
1444	63824
1473	63826
1526	63830
1548	63832
1565	63834
1531	63837
1484	63839
1451	63842
1432	63844
1446	63847
1458	63849
1462	63852
1490	63854
1489	63857
1482	63859
1474	63862
1470	63864
1463	63866
1449	63869
1438	63872
1432	63875
1431	63877
1432	63880
1434	63882
1438	63885
1456	63887
1470	63890
1473	63892
1470	63894
1460	63897
1454	63899
1452	63902
1451	63904
1470	63907
1477	63909
1477	63912
1478	63915
1479	63918
1488	63920
1536	63922
1551	63925
1528	63927
1496	63930
1469	63932
1453	63935
1445	63937
1441	63940
1439	63942
1438	63945
1437	63947
1437	63950
1438	63952
1438	63954
1438	63958
1439	63960
1439	63963
1440	63965
1440	63968
1441	63970
1445	63973
1447	63975
1447	63978
1447	63980
1448	63982
1452	63985
1464	63987
1469	63990
1462	63992
1456	63995
1456	63997
1457	64001
1464	64003
1482	64006
1494	64008
1495	64011
1488	64013
1478	64015
1470	64018
1466	64020
1464	64023
1463	64025
1462	64028
1462	64030
1461	64033
1461	64035
1461	64038
1460	64040
1459	64043
1459	64046
1459	64048
1459	64051
1460	64053
1460	64056
1460	64058
1461	64061
1462	64063
1462	64066
1463	64068
1465	64070
1470	64073
1476	64075
1484	64078
1490	64080
1490	64083
1493	64086
1494	64089
1490	64091
1484	64094
1479	64096
1476	64098
1478	64101
1480	64103
1480	64106
1482	64108
1484	64111
1486	64113
1487	64116
1487	64118
1486	64121
1486	64123
1486	64126
1487	64129
1488	64131
1489	64134
1491	64136
1492	64139
1493	64141
1493	64144
1493	64146
1494	64149
1495	64151
1496	64154
1497	64156
1498	64158
1499	64161
1501	64163
1501	64166
1502	64168
1502	64172
1503	64174
1504	64177
1507	64179
1508	64182
1509	64184
1513	64186
1514	64189
1511	64191
1507	64194
1503	64196
1500	64199
1498	64201
1497	64204
1497	64206
1498	64209
1500	64211
1499	64215
1499	64217
1497	64219
1496	64222
1494	64224
1493	64227
1493	64229
1492	64232
1492	64234
1492	64237
1492	64239
1493	64242
1493	64244
1494	64246
1495	64249
1496	64251
1498	64254
1500	64257
1502	64260
1504	64262
1505	64265
1505	64267
1505	64270
1504	64272
1505	64274
1509	64277
1513	64279
1515	64282
1511	64284
1507	64287
1504	64289
1501	64292
1499	64294
1498	64297
1498	64300
1497	64302
1498	64305
1498	64307
1499	64310
1500	64312
1502	64315
1503	64317
1503	64320
1504	64322
1504	64325
1504	64327
1505	64330
1505	64332
1505	64334
1506	64337
1506	64339
1507	64343
1508	64345
1508	64348
1509	64350
1510	64353
1510	64355
1512	64358
1517	64360
1522	64362
1523	64365
1521	64367
1519	64370
1517	64372
1518	64375
1524	64377
1527	64380
1526	64382
1523	64386
1519	64388
1517	64390
1515	64393
1513	64395
1512	64398
1511	64400
1511	64403
1512	64405
1513	64408
1514	64410
1515	64413
1516	64415
1516	64418
1517	64420
1518	64422
1518	64425
1518	64428
1519	64431
1518	64433
1519	64436
1519	64438
1520	64441
1521	64443
1522	64446
1524	64448
1525	64450
1526	64453
1528	64455
1529	64458
1529	64460
1529	64463
1533	64465
1539	64468
1543	64471
1545	64474
1547	64476
1548	64479
1548	64481
1546	64483
1544	64486
1542	64488
1542	64491
1542	64493
1543	64496
1544	64498
1545	64501
1546	64503
1548	64506
1549	64508
1550	64510
1551	64514
1552	64516
1553	64519
1554	64521
1554	64524
1555	64526
1555	64529
1555	64531
1555	64534
1555	64536
1556	64538
1557	64541
