1491	4727
1499	4730
1500	4732
1497	4734
1497	4738
1499	4740
1500	4743
1499	4745
1498	4747
1511	4750
1525	4752
1525	4755
1513	4757
1506	4759
1505	4762
1504	4764
1496	4767
1492	4769
1494	4771
1494	4774
1493	4776
1490	4780
1485	4782
1483	4785
1484	4787
1488	4789
1490	4792
1487	4794
1486	4797
1489	4799
1492	4801
1498	4804
1500	4806
1496	4809
1490	4811
1493	4813
1496	4816
1496	4818
1501	4822
1508	4824
1513	4826
1518	4829
1521	4831
1519	4834
1510	4836
1499	4838
1493	4841
1501	4843
1507	4846
1503	4848
1493	4850
1486	4853
1486	4855
1489	4858
1490	4860
1487	4864
1486	4866
1487	4868
1489	4871
1497	4873
1503	4876
1503	4878
1495	4880
1485	4883
1480	4885
1484	4888
1492	4890
1497	4892
1497	4895
1495	4897
1489	4900
1486	4902
1489	4904
1495	4908
1503	4910
1506	4913
1517	4915
1527	4917
1533	4920
1525	4922
1508	4925
1494	4927
1485	4929
1481	4932
1480	4934
1480	4937
1479	4939
1475	4942
1473	4944
1472	4946
1472	4950
1474	4952
1476	4955
1482	4957
1510	4959
1540	4962
1545	4964
1529	4967
1503	4969
1493	4971
1487	4974
1484	4976
1485	4979
1492	4981
1508	4983
1518	4986
1515	4988
1508	4992
1493	4994
1487	4996
1487	4999
1488	5001
1487	5004
1484	5006
1492	5008
1504	5011
1509	5013
1503	5016
1490	5018
1481	5021
1480	5023
1483	5025
1487	5028
1496	5030
1499	5033
1501	5036
1498	5038
1501	5041
1501	5043
1499	5046
1498	5048
1501	5050
1509	5053
1521	5055
1525	5058
1522	5060
1513	5062
1504	5065
1495	5067
1488	5070
1483	5072
1483	5074
1485	5078
1485	5080
1488	5083
1488	5085
1486	5088
1491	5090
1506	5092
1515	5095
1523	5097
1520	5100
1513	5102
1512	5104
1513	5107
1514	5109
1507	5112
1506	5114
1503	5116
1497	5120
1492	5122
1495	5125
1500	5127
1498	5129
1489	5132
1484	5134
1488	5137
1494	5139
1495	5141
1495	5144
1496	5146
1500	5149
1502	5151
1495	5154
1487	5156
1481	5158
1478	5161
1476	5164
1473	5167
1473	5169
1474	5171
1481	5174
1496	5176
1504	5179
1510	5181
1507	5183
1502	5186
1500	5188
1503	5191
1508	5193
1513	5195
1511	5198
1508	5200
1505	5203
1499	5206
1492	5208
1485	5211
1481	5213
1480	5216
1482	5218
1487	5220
1493	5223
1494	5225
1491	5228
1485	5230
1479	5233
1476	5235
1477	5237
1482	5240
1495	5242
1520	5245
1550	5248
1560	5250
1547	5253
1523	5255
1501	5258
1493	5260
1496	5262
1497	5265
1501	5267
1506	5270
1511	5272
1513	5274
1508	5277
1500	5279
1495	5282
1489	5284
1487	5286
1486	5289
1484	5292
1482	5295
1481	5297
1481	5299
1482	5302
1486	5304
1490	5307
1491	5309
1491	5311
1502	5314
1517	5316
1532	5319
1537	5321
1534	5324
1526	5326
1516	5328
1509	5331
1509	5334
1509	5337
1505	5339
1504	5341
1503	5344
1504	5346
1511	5349
1510	5351
1501	5353
1491	5356
1484	5358
1481	5361
1481	5363
1482	5365
1484	5368
1491	5370
1498	5373
1499	5376
1496	5378
1496	5381
1497	5383
1502	5386
1505	5388
1509	5390
1514	5393
1514	5395
1514	5398
1515	5400
1509	5403
1504	5405
1496	5407
1490	5410
1493	5412
1509	5415
1533	5417
1547	5420
1542	5423
1529	5425
1508	5428
1497	5430
1502	5432
1505	5435
1502	5437
1494	5440
1490	5442
1491	5444
1493	5447
1496	5449
1495	5452
1495	5454
1492	5456
1492	5459
1503	5462
1511	5465
1515	5467
1515	5469
1516	5472
1518	5474
1517	5477
1519	5479
1524	5482
1520	5484
1513	5486
1500	5489
1487	5491
1482	5494
1483	5496
1490	5498
1507	5501
1515	5504
1513	5507
1503	5509
1497	5511
1497	5514
1495	5516
1495	5519
1489	5521
1483	5523
1487	5526
1491	5528
1491	5531
1487	5533
1482	5535
1484	5538
1491	5540
1498	5543
1504	5545
1504	5548
1500	5551
1508	5553
1509	5556
1508	5558
1503	5561
1497	5563
1501	5565
1504	5568
1513	5570
1518	5573
1513	5575
1509	5577
1511	5580
1511	5582
1508	5585
1497	5587
1489	5590
1490	5593
1495	5595
1495	5598
1490	5600
1494	5602
1505	5605
1514	5607
1510	5610
1498	5612
1485	5614
1487	5617
1500	5619
1520	5622
1530	5624
1525	5627
1515	5629
1498	5632
1493	5635
1499	5637
1507	5640
1518	5642
1521	5644
1519	5647
1510	5649
1496	5652
1483	5654
1479	5656
1495	5659
1514	5661
1515	5664
1497	5666
1477	5668
1465	5671
1460	5673
1465	5677
1475	5679
1486	5681
1490	5684
1498	5686
1514	5689
1530	5691
1547	5694
1553	5696
1540	5698
1515	5701
1509	5703
1502	5706
1499	5708
1507	5710
1523	5713
1545	5715
1555	5719
1542	5721
1514	5723
1484	5726
1472	5728
1472	5731
1484	5733
1490	5735
1506	5738
1530	5740
1538	5743
1522	5745
1489	5747
1465	5750
1456	5752
1466	5755
1478	5757
1486	5760
1483	5763
1491	5765
1502	5768
1528	5770
1528	5773
1512	5775
1492	5777
1478	5780
1471	5782
1486	5785
1486	5787
1482	5789
1483	5792
1503	5794
1508	5797
1496	5799
1466	5801
1445	5805
1441	5807
1442	5810
1450	5812
1449	5814
1442	5817
1448	5819
1445	5822
1435	5824
1432	5826
1426	5829
1417	5831
1410	5834
1423	5836
1453	5838
1454	5841
1433	5843
1406	5847
1397	5849
1400	5852
1421	5854
1447	5856
1467	5859
1470	5861
1461	5864
1438	5866
1412	5868
1397	5871
1394	5873
1413	5876
1446	5878
1477	5880
1501	5883
1518	5885
1511	5889
1479	5891
1449	5893
1430	5896
1432	5898
1460	5901
1499	5903
1509	5905
1489	5908
1456	5910
1448	5913
1453	5915
1476	5917
1495	5920
1502	5922
1487	5925
1466	5927
1451	5931
1445	5933
1443	5935
1472	5938
1518	5940
1541	5943
1523	5945
1499	5947
1496	5950
1491	5952
1486	5955
1481	5957
1495	5959
1515	5962
1509	5964
1501	5967
1508	5969
1520	5971
1529	5975
1527	5977
1512	5980
1495	5982
1485	5984
1497	5987
1508	5989
1506	5992
1485	5994
1475	5996
1480	5999
1491	6001
1515	6004
1513	6006
1490	6009
1465	6011
1445	6013
1454	6017
1479	6019
1500	6022
1526	6024
1525	6026
1502	6029
1483	6031
1492	6034
1507	6036
1510	6038
1497	6041
1485	6043
1480	6046
1487	6048
1493	6050
1480	6053
1460	6055
1459	6059
1481	6061
1510	6063
1513	6066
1497	6068
1474	6071
1458	6073
1444	6075
1438	6078
1434	6080
1446	6083
1512	6085
1553	6088
1537	6090
1486	6092
1458	6095
1461	6097
1473	6100
1480	6103
1475	6105
1459	6108
1447	6110
1450	6113
1469	6115
1477	6117
1480	6120
1483	6122
1471	6125
1458	6127
1449	6129
1438	6132
1425	6134
1406	6137
1400	6139
1405	6141
1439	6145
1477	6147
1481	6150
1461	6152
1434	6154
1405	6157
1391	6159
1385	6162
1385	6164
1387	6167
1397	6169
1411	6171
1408	6174
1403	6176
1404	6179
1391	6181
1374	6183
1358	6187
1362	6189
1379	6192
1380	6194
1371	6196
1357	6199
1374	6201
1409	6204
1424	6206
1427	6208
1414	6211
1402	6213
1383	6216
1370	6218
1370	6220
1412	6223
1452	6225
1453	6228
1435	6231
1415	6234
1404	6236
1400	6238
1404	6241
1436	6243
1459	6246
1444	6248
1415	6250
1415	6253
1430	6255
1436	6258
1426	6260
1408	6262
1408	6265
1425	6267
1465	6270
1502	6273
1506	6275
1473	6278
1460	6280
1462	6283
1466	6285
1484	6287
1498	6290
1505	6292
1491	6295
1465	6297
1454	6299
1460	6302
1470	6304
1497	6307
1516	6309
1510	6312
1478	6315
1451	6317
1447	6320
1455	6322
1464	6325
1480	6327
1493	6329
1502	6332
1533	6334
1550	6337
1540	6339
1517	6341
1504	6344
1503	6346
1518	6349
1536	6351
1538	6353
1533	6356
1545	6359
1547	6362
1544	6364
1539	6367
1544	6369
1543	6371
1542	6374
1548	6376
1553	6379
1563	6381
1566	6383
1560	6386
1544	6388
1522	6391
1516	6393
1529	6395
1541	6398
1540	6401
1554	6404
1557	6406
1550	6408
1529	6411
1528	6413
1535	6416
1544	6418
1561	6420
1605	6423
1608	6425
1582	6428
1540	6430
1530	6432
1547	6435
1576	6437
1611	6440
1606	6443
1585	6446
1557	6448
1525	6450
1509	6453
1504	6455
1520	6458
1534	6460
1557	6462
1582	6465
1579	6467
1554	6470
1538	6472
1531	6474
1523	6477
1512	6479
1506	6482
1520	6484
1537	6487
1550	6490
1571	6492
1583	6495
1573	6497
1552	6499
1540	6502
1532	6504
1529	6507
1545	6509
1573	6511
1578	6514
1556	6516
1541	6519
1549	6521
1548	6523
1536	6526
1540	6529
1556	6532
1554	6534
1528	6537
1507	6539
1494	6541
1497	6544
1520	6546
1549	6549
1570	6551
1561	6553
1532	6556
1513	6558
1504	6561
1515	6563
1532	6565
1552	6568
1560	6571
1569	6574
1562	6576
1545	6578
1532	6581
1524	6583
1517	6586
1534	6588
1558	6590
1551	6593
1521	6595
1501	6598
1502	6600
1515	6602
1516	6605
1517	6607
1520	6610
1512	6612
1493	6616
1467	6618
1459	6620
1466	6623
1475	6625
1483	6628
1478	6630
1471	6632
1464	6635
1458	6637
1461	6640
1473	6642
1504	6644
1519	6647
1511	6649
1506	6652
1505	6654
1494	6657
1478	6660
1474	6662
1494	6665
1511	6667
1517	6669
1512	6672
1496	6674
1473	6677
1455	6679
1450	6681
1452	6684
1469	6686
1498	6689
1535	6691
1549	6693
1543	6696
1508	6699
1481	6702
1466	6704
1465	6707
1476	6709
1493	6711
1519	6714
1539	6716
1539	6719
1540	6721
1532	6723
1518	6726
1510	6728
1515	6731
1524	6733
1520	6735
1509	6738
1496	6740
1488	6744
1485	6746
1488	6748
1498	6751
1525	6753
1575	6756
1595	6758
1572	6760
1531	6763
1511	6765
1514	6768
1523	6770
1539	6772
1552	6775
1562	6777
1570	6780
1571	6782
1566	6786
1552	6788
1535	6790
1526	6793
1520	6795
1512	6798
1508	6800
1504	6802
1500	6805
1497	6807
1509	6810
1545	6812
1584	6814
1596	6817
1588	6819
1557	6822
1524	6824
1501	6827
1516	6830
1552	6832
1570	6835
1566	6837
1542	6839
1520	6842
1508	6844
1504	6847
1528	6849
1553	6851
1555	6854
1525	6856
1501	6859
1507	6861
1522	6864
1516	6866
1488	6868
1469	6872
1477	6874
1503	6877
1524	6879
1543	6881
1547	6884
1532	6886
1503	6889
1486	6891
1490	6893
1518	6896
1536	6898
1537	6901
1522	6903
1508	6905
1499	6908
1489	6910
1481	6914
1469	6916
1465	6918
1462	6921
1460	6923
1483	6926
1547	6928
1577	6930
1553	6933
1502	6935
1468	6938
1457	6940
1449	6943
1450	6945
1455	6947
1474	6950
1537	6952
1596	6956
1598	6958
1547	6960
1495	6963
1475	6965
1468	6968
1467	6970
1467	6972
1471	6975
1487	6977
1509	6980
1520	6982
1510	6984
1498	6987
1511	6989
1538	6992
1544	6994
1533	6996
1520	7000
1522	7002
1533	7005
1544	7007
1538	7010
1525	7012
1526	7014
1530	7017
1531	7019
1533	7022
1554	7024
1575	7026
1569	7029
1543	7031
1528	7034
1524	7036
1526	7038
1528	7042
1547	7044
1562	7047
1576	7049
1573	7051
1565	7054
1569	7056
1596	7059
1612	7061
1605	7063
1569	7066
1532	7068
1519	7071
1522	7073
1524	7075
1536	7078
1548	7080
1560	7084
1565	7086
1561	7089
1545	7091
1521	7093
1508	7096
1499	7098
1503	7101
1529	7103
1549	7105
1555	7108
1559	7110
1569	7113
1572	7115
1567	7117
1546	7120
1532	7122
1524	7126
1525	7128
1547	7130
1554	7133
1533	7135
1506	7138
1503	7140
1521	7142
1559	7145
1579	7147
1561	7150
1524	7152
1496	7155
1492	7157
1500	7159
1502	7162
1514	7164
1529	7168
1534	7170
1524	7172
1505	7175
1495	7177
1504	7180
1549	7182
1588	7184
1579	7187
1542	7189
1503	7192
1516	7194
1529	7196
1527	7199
1516	7201
1523	7204
1534	7206
1535	7208
1523	7212
1496	7214
1475	7217
1475	7219
1482	7222
1496	7224
1529	7226
1554	7229
1545	7231
1505	7234
1479	7236
1477	7238
1475	7241
1480	7243
1500	7246
1521	7248
1525	7250
1514	7254
1506	7256
1495	7259
1489	7261
1507	7263
1529	7266
1531	7268
1514	7271
1497	7273
1488	7275
1491	7278
1499	7280
1500	7283
1485	7285
1479	7287
1503	7290
1521	7292
1529	7296
1505	7298
1477	7301
1466	7303
1458	7305
1451	7308
1453	7310
1464	7313
1499	7315
1518	7317
1521	7320
1500	7322
1470	7325
1444	7327
1430	7329
1434	7332
1495	7334
1554	7337
1558	7340
1511	7342
1470	7345
1436	7347
1429	7350
1458	7352
1521	7354
1551	7357
1543	7359
1514	7362
1488	7364
1499	7367
1509	7369
1500	7371
1477	7374
1465	7376
1467	7379
1496	7382
1527	7384
1542	7387
1544	7389
1537	7392
1520	7394
1508	7396
1491	7399
1476	7401
1482	7404
1503	7406
1529	7408
1568	7411
1578	7413
1566	7416
1541	7418
1524	7420
1510	7424
1501	7426
1531	7429
1568	7431
1597	7433
1602	7436
1599	7438
1576	7441
1543	7443
1520	7446
1531	7448
1541	7450
1563	7453
1593	7455
1601	7458
1595	7460
1569	7462
1548	7465
1539	7468
1542	7471
1544	7473
1547	7475
1553	7478
1569	7480
1573	7483
1570	7485
1594	7487
1637	7490
1650	7492
1625	7495
1581	7497
1566	7499
1572	7502
1602	7504
1645	7507
1652	7510
1621	7513
1576	7515
1554	7517
1570	7520
1590	7522
1598	7525
1595	7527
1581	7529
1561	7532
1537	7534
1533	7537
1539	7539
1545	7541
1558	7544
1560	7546
1556	7549
1545	7552
1534	7554
1529	7557
1530	7559
1550	7562
1561	7564
1563	7566
1567	7569
1566	7571
1564	7574
1550	7576
1528	7579
1530	7581
1538	7583
1543	7586
1551	7588
1550	7591
1531	7593
1513	7596
1495	7599
1484	7601
1481	7604
1483	7606
1487	7608
1512	7611
1524	7613
1512	7616
1476	7618
1430	7620
1422	7623
1437	7625
1448	7628
1458	7630
1448	7632
1432	7635
1407	7638
1396	7641
1407	7643
1415	7646
1418	7648
1414	7650
1423	7653
1448	7655
1462	7658
1455	7660
1422	7662
1392	7665
1378	7667
1394	7670
1415	7672
1436	7674
1440	7677
1434	7680
1415	7683
1393	7685
1381	7687
1388	7690
1406	7692
1401	7695
1375	7697
1342	7699
1329	7702
1330	7704
1343	7707
1360	7709
1372	7711
1388	7714
1408	7716
1407	7719
1393	7721
1368	7725
1352	7727
1366	7729
1400	7732
1422	7734
1420	7737
1407	7739
1392	7741
1376	7744
1366	7746
1375	7749
1401	7751
1421	7753
1419	7756
1401	7758
1380	7761
1374	7763
1379	7766
1383	7769
1385	7771
1392	7774
1387	7776
1384	7778
1381	7781
1374	7783
1365	7786
1365	7788
1382	7790
1394	7793
1404	7795
1409	7798
1409	7800
1414	7802
1412	7805
1404	7808
1394	7811
1400	7813
1408	7816
1422	7818
1431	7820
1432	7823
1437	7825
1428	7828
1418	7830
1406	7832
1395	7835
1396	7837
1406	7840
1423	7842
1429	7844
1428	7847
1414	7849
1408	7853
1414	7855
1421	7857
1416	7860
1405	7862
1405	7865
1419	7867
1445	7870
1463	7872
1461	7874
1453	7877
1443	7879
1434	7882
1425	7884
1415	7886
1408	7889
1407	7891
1408	7895
1413	7897
1446	7899
1487	7902
1495	7904
1482	7907
1444	7909
1414	7911
1414	7914
1420	7916
1434	7919
1454	7921
1465	7923
1468	7926
1480	7928
1473	7931
1456	7933
1443	7937
1436	7939
1441	7941
1465	7944
1493	7946
1491	7949
1463	7951
1437	7953
1430	7956
1437	7958
1439	7961
1438	7963
1446	7965
1453	7968
1470	7970
1500	7973
1519	7975
1511	7977
1503	7981
1493	7983
1481	7986
1467	7988
1474	7990
1485	7993
1497	7995
1516	7998
1530	8000
1530	8003
1529	8005
1524	8007
1510	8010
1489	8012
1465	8015
1453	8017
1455	8019
1474	8023
1515	8025
1533	8028
1527	8030
1514	8032
1490	8035
1494	8037
1519	8040
1535	8042
1532	8044
1522	8047
1517	8049
1520	8052
1519	8054
1508	8056
1500	8059
1505	8061
1510	8065
1509	8067
1506	8069
1497	8072
1510	8074
1529	8077
1530	8079
1511	8081
1485	8084
1482	8086
1486	8089
1498	8091
1503	8094
1498	8096
1509	8098
1513	8101
1510	8103
1492	8107
1475	8109
1471	8111
1490	8114
1526	8116
1536	8119
1518	8121
1492	8123
1465	8126
1453	8128
1454	8131
1456	8133
1467	8135
1472	8138
1493	8140
1517	8143
1514	8145
1488	8147
1464	8151
1468	8153
1486	8156
1497	8158
1497	8160
1487	8163
1489	8165
1496	8168
1488	8170
1479	8172
1478	8175
1492	8177
1499	8180
1499	8182
1492	8185
1473	8187
1462	8189
1490	8193
1520	8195
1520	8198
1489	8200
1449	8202
1436	8205
1436	8207
1439	8210
1442	8212
1441	8214
1447	8217
1459	8219
1482	8222
1514	8224
1524	8226
1510	8229
1485	8231
1457	8235
1442	8237
1446	8239
1465	8242
1478	8244
1482	8247
1476	8249
1463	8251
1450	8254
1444	8256
1457	8259
1466	8261
1469	8264
1459	8266
1462	8268
1474	8271
1496	8273
1502	8276
1492	8279
1469	8281
1445	8284
1437	8286
1450	8289
1470	8291
1493	8293
1493	8296
1487	8298
1476	8301
1465	8303
1461	8305
1465	8308
1491	8310
1509	8313
1497	8315
1462	8317
1438	8321
1448	8323
1463	8326
1472	8328
1472	8331
1467	8333
1457	8335
1447	8338
1447	8340
1451	8343
1454	8345
1469	8347
1493	8350
1502	8352
1488	8355
1467	8357
1456	8359
1454	8363
1471	8365
1493	8368
1504	8370
1523	8372
1533	8375
1523	8377
1499	8380
1469	8382
1457	8384
1466	8387
1479	8389
1482	8392
1499	8394
1512	8396
1504	8399
1491	8401
1476	8404
1469	8407
1467	8410
1480	8412
1503	8414
1513	8417
1506	8419
1489	8422
1476	8424
1475	8426
1486	8429
1493	8431
1499	8434
1493	8436
1488	8438
1477	8441
1476	8443
1482	8446
1480	8449
1477	8451
1465	8454
1468	8456
1489	8459
1496	8461
1509	8463
1513	8466
1497	8468
1475	8471
1450	8473
1438	8475
1440	8478
1457	8480
1489	8483
1521	8485
1521	8488
1501	8491
1479	8493
1458	8496
1447	8498
1439	8501
1435	8503
1432	8505
1442	8508
1471	8510
1502	8513
1526	8515
1539	8517
1523	8520
1502	8522
1484	8525
1467	8527
1455	8529
1456	8532
1471	8535
1505	8538
1552	8540
1561	8542
1539	8545
1505	8547
1487	8550
1471	8552
1463	8554
1456	8557
1455	8559
1468	8562
1483	8564
1489	8567
1489	8569
1503	8571
1520	8574
1520	8577
1501	8580
1482	8582
1465	8584
1462	8587
1481	8589
1500	8592
1506	8594
1497	8596
1485	8599
1497	8601
1505	8604
1502	8606
1511	8608
1527	8611
1536	8613
1537	8616
1527	8619
1506	8621
1503	8624
1500	8626
1496	8629
1493	8631
1478	8633
1461	8636
1460	8638
1488	8641
1510	8643
1522	8646
1517	8648
1501	8650
1484	8653
1469	8655
1460	8658
1463	8660
1495	8663
1538	8666
1551	8668
1538	8671
1521	8673
1504	8675
1483	8678
1467	8680
1463	8683
1480	8685
1517	8687
1546	8690
1543	8692
1518	8695
1503	8697
1499	8699
1486	8702
1470	8705
1450	8708
1445	8710
1465	8712
1478	8715
1480	8717
1477	8720
1467	8722
1458	8725
1466	8727
1482	8729
1497	8732
1503	8734
1502	8737
1497	8739
1492	8741
1481	8744
1474	8747
1496	8750
1517	8752
1518	8754
1507	8757
1511	8759
1517	8762
1516	8764
1509	8766
1497	8769
1487	8771
1496	8774
1516	8776
1521	8778
1503	8781
1488	8783
1474	8786
1463	8788
1453	8792
1455	8794
1470	8796
1493	8799
1516	8801
1528	8804
1530	8806
1513	8808
1492	8811
1471	8813
1460	8816
1459	8818
1470	8820
1492	8823
1505	8825
1495	8828
1479	8830
1478	8833
1484	8836
1486	8838
1485	8841
1494	8843
1507	8845
1508	8848
1493	8850
1485	8853
1485	8855
1492	8857
1520	8860
1527	8862
1512	8865
1500	8867
1491	8870
1492	8872
1488	8875
1478	8878
1473	8880
1482	8883
1498	8885
1502	8887
1493	8890
1472	8892
1468	8895
1483	8897
1509	8899
1532	8902
1526	8904
1515	8907
1519	8909
1514	8911
1494	8914
1469	8916
1453	8920
1460	8922
1485	8924
1520	8927
1545	8929
1556	8932
1539	8934
1503	8937
1469	8939
1455	8941
1454	8944
1465	8946
1491	8949
1543	8951
1570	8953
1573	8956
1549	8958
1528	8962
1508	8964
1496	8966
1494	8969
1496	8971
1498	8974
1504	8976
1516	8978
1545	8981
1584	8983
1621	8986
1630	8988
1612	8990
1569	8993
1536	8995
1517	8998
1514	9000
1526	9003
1563	9006
1620	9008
1645	9011
1625	9013
1582	9016
1547	9018
1538	9020
1539	9023
1537	9025
1533	9028
1534	9030
1547	9032
1557	9035
1574	9037
1600	9040
1622	9042
1617	9044
1592	9048
1564	9050
1547	9053
1532	9055
1524	9057
1525	9060
1536	9062
1549	9065
1547	9067
1559	9069
1583	9072
1589	9074
1578	9077
1558	9079
1552	9082
1547	9084
1536	9086
1519	9090
1506	9092
1503	9095
1507	9097
1534	9099
1579	9102
1595	9104
1571	9107
1531	9109
1511	9111
1501	9114
1493	9116
1486	9119
1511	9121
1538	9123
1546	9126
1536	9128
1513	9132
1497	9134
1492	9136
1507	9139
1517	9141
1512	9144
1495	9146
1488	9149
1484	9151
1483	9153
1486	9156
1487	9158
1492	9161
1494	9163
1490	9165
1488	9168
1485	9170
1475	9174
1471	9176
1467	9178
1466	9181
1466	9183
1463	9186
1465	9188
1481	9190
1497	9193
1520	9195
1530	9198
1511	9200
1485	9202
1459	9205
1450	9207
1455	9210
1468	9212
1479	9216
1492	9218
1491	9220
1493	9223
1490	9225
1478	9228
1462	9230
1451	9232
1450	9235
1454	9237
1457	9240
1460	9242
1454	9244
1447	9247
1456	9249
1477	9252
1483	9254
1476	9256
1456	9260
1446	9262
1448	9265
1465	9267
1487	9269
1504	9272
1505	9274
1497	9277
1488	9279
1481	9281
1471	9284
1465	9286
1473	9289
1479	9291
1479	9294
1467	9296
1450	9298
1443	9302
1449	9304
1459	9307
1487	9309
1510	9311
1502	9314
1485	9316
1474	9319
1467	9321
1458	9323
1443	9326
1437	9328
1445	9331
1461	9333
1476	9335
1489	9338
1489	9340
1479	9344
1470	9346
1477	9348
1487	9351
1495	9353
1499	9356
1488	9358
1474	9361
1473	9363
1480	9365
1482	9368
1471	9370
1449	9373
1437	9375
1442	9377
1460	9380
1472	9382
1464	9385
1450	9388
1457	9390
1480	9393
1487	9395
1477	9398
1462	9400
1450	9402
1458	9405
1470	9407
1476	9410
1481	9412
1500	9414
1526	9417
1528	9419
1511	9422
1481	9424
1458	9427
1457	9430
1458	9432
1461	9435
1468	9437
1478	9440
1494	9442
1505	9444
1503	9447
1492	9449
1468	9452
1454	9454
1456	9456
1466	9459
1477	9461
1482	9464
1476	9466
1465	9468
1464	9472
1484	9474
1501	9477
1515	9479
1518	9481
1506	9484
1496	9486
1489	9489
1486	9491
1483	9494
1480	9496
1498	9498
1516	9501
1525	9503
1516	9506
1505	9508
1496	9510
1485	9513
1478	9516
1488	9519
1511	9521
1519	9523
1512	9526
1488	9528
1459	9531
1454	9533
1469	9535
1484	9538
1493	9540
1500	9543
1516	9545
1517	9547
1506	9550
1487	9552
1467	9555
1462	9558
1458	9561
1458	9563
1464	9565
1470	9568
1474	9570
1475	9573
1485	9575
1499	9577
1503	9580
1491	9582
1482	9585
1485	9587
1485	9589
1484	9592
1477	9594
1468	9597
1474	9600
1490	9602
1500	9605
1496	9607
1484	9610
1472	9612
1471	9614
1479	9617
1481	9619
1478	9622
1466	9624
1461	9626
1486	9629
1524	9631
1539	9634
1527	9636
1492	9639
1469	9641
1463	9644
1480	9647
1494	9649
1495	9652
1487	9654
1494	9656
1512	9659
1519	9661
1526	9664
1515	9666
1494	9668
1481	9671
1481	9673
1507	9676
1522	9678
1516	9680
1495	9683
1478	9686
1487	9689
1498	9691
1496	9693
1481	9696
1469	9698
1479	9701
1511	9703
1527	9705
1518	9708
1497	9710
1484	9713
1491	9715
1502	9718
1499	9720
1484	9722
1465	9725
1469	9728
1506	9731
1527	9733
1525	9735
1506	9738
1484	9740
1485	9743
1495	9745
1501	9747
1504	9750
1505	9752
1503	9755
1502	9757
1503	9759
1501	9762
1501	9764
1491	9767
1475	9769
1465	9772
1462	9775
1471	9777
1481	9780
1487	9782
1481	9785
1490	9787
1526	9789
1549	9792
1551	9794
1522	9797
1489	9799
1481	9801
1501	9804
1521	9806
1532	9809
1516	9811
1492	9814
1478	9817
1495	9819
1521	9822
1519	9824
1500	9826
1492	9829
1506	9831
1525	9834
1524	9836
1516	9838
1496	9841
1489	9843
1504	9846
1512	9848
1497	9851
1477	9853
1477	9856
1485	9859
1496	9861
1490	9864
1477	9866
1468	9868
1465	9871
1481	9873
1507	9876
1516	9878
1507	9880
1486	9883
1468	9885
1468	9888
1474	9890
1475	9892
1475	9895
1500	9897
1532	9901
1559	9903
1554	9905
1525	9908
1502	9910
1497	9913
1512	9915
1531	9918
1527	9920
1521	9922
1511	9925
1512	9927
1509	9930
1499	9932
1485	9934
1468	9937
1465	9939
1475	9943
1494	9945
1514	9947
1513	9950
1503	9952
1494	9955
1489	9957
1495	9959
1498	9962
1492	9964
1484	9967
1471	9969
1483	9971
1514	9974
1529	9976
1516	9979
1487	9981
1464	9985
1455	9987
1458	9989
1461	9992
1463	9994
1463	9997
1469	9999
1489	10001
1508	10004
1505	10006
1488	10009
1475	10011
1489	10014
1505	10016
1505	10019
1486	10021
1466	10023
1463	10027
1469	10029
1475	10032
1474	10034
1467	10037
1469	10039
1504	10042
1531	10044
1536	10047
1525	10049
1524	10051
1519	10054
1504	10056
1489	10059
1487	10061
1488	10064
1483	10066
1475	10070
1500	10072
1525	10075
1528	10077
1511	10080
1486	10082
1472	10084
1478	10087
1489	10089
1487	10092
1477	10094
1467	10097
1460	10099
1464	10102
1474	10104
1481	10107
1479	10109
1488	10112
1511	10115
1519	10117
1514	10120
1494	10122
1481	10125
1475	10127
1490	10130
1513	10132
1523	10135
1513	10137
1488	10139
1473	10142
1474	10144
1489	10147
1490	10149
1492	10152
1494	10155
1497	10158
1499	10160
1490	10163
1480	10165
1469	10168
1469	10170
1486	10172
1503	10175
1518	10177
1509	10180
1489	10182
1482	10185
1496	10187
1507	10190
1502	10192
1500	10195
1498	10198
1496	10200
1490	10203
1477	10205
1469	10208
1472	10210
1476	10213
1496	10215
1521	10218
1529	10220
1523	10223
1506	10225
1515	10227
1511	10230
1497	10232
1473	10235
1461	10237
1471	10241
1501	10243
1521	10246
1516	10248
1489	10251
1476	10253
1482	10256
1508	10258
1523	10260
1524	10263
1506	10265
1486	10268
1472	10270
1466	10273
1470	10275
1471	10278
1476	10280
1496	10284
1506	10286
1511	10288
1499	10291
1471	10293
1446	10296
1443	10298
1461	10301
1481	10303
1492	10306
1499	10308
1498	10311
1490	10313
1469	10315
1451	10318
1454	10320
1474	10323
1489	10326
1494	10329
1490	10331
1492	10334
1491	10336
1483	10339
1471	10341
1465	10343
1462	10346
1478	10348
1513	10351
1538	10353
1545	10356
1522	10358
1484	10361
1453	10363
1441	10366
1441	10369
1452	10372
1469	10374
1478	10376
1486	10379
1488	10381
1481	10384
1472	10386
1464	10389
1461	10391
1462	10394
1470	10396
1495	10399
1541	10401
1570	10403
1570	10406
1546	10408
1509	10412
1481	10414
1464	10417
1457	10419
1455	10422
1460	10424
1484	10427
1531	10429
1564	10431
1561	10434
1529	10436
1498	10439
1478	10441
1468	10444
1462	10446
1459	10449
1460	10451
1464	10455
1468	10457
1473	10460
1478	10462
1483	10464
1484	10467
1484	10469
1481	10472
1479	10474
1479	10477
1480	10479
1482	10482
1484	10484
1487	10487
1493	10489
1499	10491
1503	10494
1502	10497
1502	10500
1502	10502
1502	10505
1506	10507
1513	10510
1540	10512
1563	10515
1568	10517
1564	10519
1557	10522
1547	10524
1537	10527
1525	10529
1516	10532
1511	10534
1507	10537
1504	10540
1503	10543
1503	10545
1502	10547
1503	10550
1504	10552
1505	10555
1505	10557
1506	10560
1507	10562
1508	10565
1509	10567
1511	10570
1512	10572
1513	10575
1515	10577
1516	10579
1517	10583
1519	10585
1520	10588
1521	10590
1522	10593
1523	10595
1523	10598
1523	10600
1523	10603
1522	10605
1522	10607
1522	10610
1523	10612
1529	10615
1538	10617
1544	10620
1546	10622
1547	10626
1548	10628
1544	10631
1539	10633
1531	10635
1525	10638
1521	10640
1518	10643
1516	10645
1515	10648
1515	10650
1514	10653
1515	10655
1515	10658
1516	10660
1517	10663
1518	10665
1519	10668
1519	10671
1520	10673
1521	10676
1523	10678
1524	10681
1526	10683
1528	10686
1529	10688
1530	10691
1531	10693
1532	10695
1532	10698
1533	10700
1533	10703
1534	10705
1535	10708
1537	10711
1539	10714
1539	10716
1538	10719
1536	10721
1534	10723
1533	10726
1531	10728
1530	10731
1529	10733
1530	10736
1531	10738
1532	10741
1531	10743
1530	10746
1528	10748
1527	10750
1526	10754
1526	10756
1526	10759
1527	10761
1526	10764
1526	10766
1526	10769
1525	10771
1525	10774
1524	10776
1525	10779
1526	10781
1530	10783
1535	10786
1537	10788
1535	10791
1533	10793
1530	10797
1529	10799
1528	10802
1528	10804
1528	10807
1528	10809
1529	10811
1530	10814
1531	10816
1532	10819
1533	10821
1534	10824
1535	10826
1536	10829
1536	10831
1537	10834
1537	10836
1537	10839
1538	10842
1538	10844
1538	10847
1538	10849
1539	10852
1539	10854
1539	10857
1540	10859
1542	10862
1543	10864
1542	10866
1542	10869
1540	10871
1540	10874
1539	10876
1538	10880
1538	10882
1538	10885
1538	10887
1539	10890
1539	10892
1539	10895
1539	10897
1538	10899
1537	10902
1537	10904
1536	10907
1535	10909
1535	10912
1535	10914
1536	10917
1537	10919
1538	10923
1537	10925
1536	10927
1535	10930
1533	10932
1531	10935
1531	10937
1530	10940
1529	10942
1529	10945
1528	10947
1527	10950
1526	10952
1525	10954
1523	10957
1522	10959
1521	10962
1522	10964
1526	10968
1529	10970
1529	10973
1525	10975
1521	10978
1516	10980
1512	10983
1509	10985
1507	10987
1505	10990
1504	10992
1503	10995
1502	10997
1501	11000
1500	11002
1500	11005
1500	11008
1499	11011
1499	11013
1499	11015
1499	11018
1499	11020
1499	11023
1499	11025
1502	11028
1505	11030
1507	11033
1509	11035
1509	11038
1509	11040
1509	11042
1509	11045
1509	11047
1510	11051
1511	11053
1512	11056
1513	11058
1515	11061
1516	11063
1517	11066
1518	11068
1519	11071
1521	11073
1522	11075
1523	11078
1525	11080
1528	11083
1531	11085
1532	11088
1534	11090
1534	11094
1534	11096
1534	11099
1535	11101
1536	11103
1538	11106
1539	11108
1540	11111
1542	11113
1544	11116
1545	11118
1547	11121
1549	11123
1550	11126
1551	11128
1552	11130
1553	11133
1554	11136
1557	11139
1560	11141
1561	11144
1561	11146
1561	11149
1560	11151
1561	11154
1561	11156
1561	11158
1561	11161
1561	11163
1561	11166
1561	11168
1561	11171
1561	11173
1561	11176
1561	11179
1561	11182
1561	11184
1560	11187
1560	11189
1560	11191
1562	11194
1566	11196
1567	11199
1567	11201
1565	11204
1563	11206
1560	11209
1559	11211
1557	11214
1555	11216
1555	11218
1554	11222
1553	11224
1553	11227
1552	11229
1552	11232
1551	11234
1551	11237
1551	11239
1551	11242
1552	11244
1553	11246
1553	11249
1551	11251
1549	11254
1547	11256
1546	11259
1544	11261
1543	11265
1542	11267
1540	11270
1539	11272
1538	11275
1537	11277
1536	11279
1534	11282
1533	11284
1532	11287
1531	11289
1529	11292
1528	11294
1527	11297
1526	11299
1525	11302
1524	11304
1522	11307
1521	11310
1520	11312
1519	11315
1518	11317
1518	11320
1517	11322
1516	11325
1515	11327
1515	11330
1514	11332
1513	11334
1512	11337
1511	11339
1511	11342
1509	11344
1508	11347
1507	11350
